2 0.4902073732718894 0.7490170380078637 0.056451612903225805 0.0982961992136304
2 0.6002304147465438 0.8872870249017037 0.06682027649769585 0.05897771952817824
2 0.9619815668202765 0.3810615989515072 0.07142857142857142 0.05963302752293578
2 0.42857142857142855 0.9370904325032765 0.06105990783410138 0.06946264744429882
2 0.4475806451612903 0.4842726081258191 0.07834101382488479 0.07601572739187418
2 0.46543778801843316 0.4629750982961992 0.06221198156682028 0.07011795543905636
2 0.7211981566820277 0.5013106159895151 0.0576036866359447 0.057667103538663174
2 0.3836405529953917 0.7096985583224116 0.06566820276497695 0.05111402359108781
2 0.6745391705069125 0.4924639580602883 0.04953917050691244 0.05307994757536042
2 0.7220622119815668 0.8614023591087812 0.05357142857142857 0.03866317169069463
2 0.4254032258064516 0.9033420707732635 0.06048387096774194 0.04128440366972477
0 0.601094470046083 0.8994102228047182 0.02131336405529954 0.03211009174311927
1 0.503168202764977 0.759829619921363 0.023617511520737326 0.02817824377457405
1 0.3623271889400922 0.6998689384010485 0.020737327188940093 0.023591087811271297
1 0.41647465437788017 0.9105504587155964 0.019585253456221197 0.024246395806028834
2 0.3810483870967742 0.9524901703800787 0.0673963133640553 0.04783748361730013
0 0.42338709677419356 0.9508519003931848 0.02534562211981567 0.04062909567496723
1 0.47148617511520735 0.4783748361730013 0.022465437788018433 0.023591087811271297
1 0.7286866359447005 0.5026212319790302 0.020737327188940093 0.022280471821756225
0 0.6719470046082949 0.4800131061598952 0.02707373271889401 0.03473132372214941
0 0.9786866359447005 0.3676277850589777 0.024193548387096774 0.035386631716906945
1 0.38623271889400923 0.9413499344692006 0.02131336405529954 0.02948885976408912