2 0.9489182692307693 0.6348387096774194 0.09014423076923077 0.07483870967741936
2 0.31820913461538464 0.12935483870967743 0.09314903846153846 0.08064516129032258
2 0.4885817307692308 0.3370967741935484 0.06009615384615385 0.07935483870967742
2 0.8810096153846154 0.44 0.057692307692307696 0.08645161290322581
2 0.6186899038461539 0.12129032258064516 0.07391826923076923 0.08645161290322581
2 0.41736778846153844 0.17193548387096774 0.05588942307692308 0.07290322580645162
2 0.45492788461538464 0.2764516129032258 0.04807692307692308 0.05096774193548387
2 0.3290264423076923 0.1667741935483871 0.0703125 0.08838709677419355
2 0.3762019230769231 0.13322580645161292 0.04567307692307692 0.0832258064516129
0 0.4987980769230769 0.3364516129032258 0.03485576923076923 0.025161290322580646
1 0.46304086538461536 0.27806451612903227 0.025841346153846152 0.024516129032258065
0 0.3215144230769231 0.11258064516129032 0.03125 0.041935483870967745
1 0.34375 0.16548387096774195 0.02403846153846154 0.02903225806451613
0 0.38611778846153844 0.1335483870967742 0.028245192307692308 0.02838709677419355
1 0.6213942307692307 0.1270967741935484 0.026442307692307692 0.03225806451612903
0 0.9462139423076923 0.6377419354838709 0.029447115384615384 0.032903225806451615
0 0.8897235576923077 0.43870967741935485 0.031850961538461536 0.025806451612903226