2 0.45525291828793774 0.5150602409638554 0.0609597924773022 0.06987951807228916
2 0.44520103761348895 0.7168674698795181 0.05771725032425422 0.05060240963855422
2 0.5295071335927367 0.48493975903614456 0.05901426718547341 0.051807228915662654
2 0.16763942931258105 0.6271084337349397 0.05901426718547341 0.07108433734939759
2 0.21660181582360571 0.5490963855421687 0.06355382619974059 0.045180722891566265
2 0.5907911802853437 0.37650602409638556 0.04539559014267185 0.05421686746987952
2 0.41277561608300906 0.4310240963855422 0.062905317769131 0.05120481927710843
2 0.6890402075226978 0.3364457831325301 0.046044098573281456 0.05240963855421687
2 0.38035019455252916 0.8253012048192772 0.05642023346303502 0.05301204819277108
2 0.6008430609597925 0.6189759036144579 0.05252918287937743 0.05120481927710843
2 0.5097276264591439 0.6879518072289157 0.054474708171206226 0.046987951807228916
2 0.3670557717250324 0.9810240963855422 0.06355382619974059 0.035542168674698796
2 0.47632944228274965 0.4680722891566265 0.062905317769131 0.05060240963855422
2 0.9662775616083009 0.48343373493975905 0.041504539559014265 0.06204819277108434
2 0.5522049286640727 0.7147590361445784 0.07328145265888457 0.0463855421686747
2 0.6705577172503242 0.29548192771084336 0.05966277561608301 0.04397590361445783
2 0.31712062256809337 0.40481927710843374 0.07133592736705577 0.056626506024096385
2 0.1520752269779507 0.6036144578313253 0.04474708171206226 0.05903614457831325
2 0.11284046692607004 0.6707831325301205 0.04539559014267185 0.05240963855421687
2 0.44390402075226976 0.8367469879518072 0.05642023346303502 0.05301204819277108
2 0.2584306095979248 0.7608433734939759 0.07198443579766536 0.03253012048192771