2 0.2823261858349578 0.11464690496948561 0.0682261208576998 0.08631211857018309
2 0.3492527615334633 0.6817785527462947 0.07472384665367121 0.07497820401046207
2 0.30896686159844056 0.4149956408020924 0.06302794022092267 0.08544027898866609
2 0.3222871994801819 0.529642545771578 0.06107862248213125 0.08282476024411509
2 0.5048732943469786 0.6277244986922407 0.05847953216374269 0.09415867480383609
2 0.3973359324236517 0.558413251961639 0.056530214424951264 0.08456843940714909
2 0.34080571799870046 0.6033129904097646 0.06952566601689408 0.08544027898866609
2 0.2605588044184535 0.45858761987794244 0.06887589343729694 0.09241499564080209
0 0.28135152696556204 0.11987794245858761 0.031189083820662766 0.03923278116826504
0 0.3125406107862248 0.5239755884917175 0.036387264457439894 0.03312990409764603
0 0.35607537361923325 0.6656495204882301 0.031189083820662766 0.037489102005231034