2 0.18213969938107868 0.9637964774951077 0.07073386383731212 0.05675146771037182
2 0.6759504862953138 0.5241356816699283 0.1317418213969938 0.05675146771037182
2 0.8616268788682582 0.6490541422048272 0.08045977011494253 0.06523157208088715
2 0.5282935455349248 0.5831702544031311 0.08576480990274093 0.0730593607305936
2 0.9354553492484527 0.48988910632746246 0.07780725022104333 0.06131767775603392
2 0.7254641909814323 0.6187214611872146 0.07692307692307693 0.05414220482713633
1 0.19805481874447392 0.9680365296803652 0.040671971706454466 0.020874103065883887
1 0.7387267904509284 0.6174168297455969 0.03801945181255526 0.02674494455316373
1 0.8793103448275862 0.6559034572733203 0.036251105216622455 0.024135681669928244
1 0.9398762157382847 0.49217221135029354 0.028293545534924844 0.0228310502283105
0 0.6794871794871795 0.5136986301369864 0.032714412024756855 0.033268101761252444
0 0.5468611847922192 0.5792563600782779 0.04155614500442087 0.02217873450750163