2 0.713215859030837 0.5006211180124224 0.09251101321585903 0.084472049689441
2 0.7854625550660793 0.2906832298136646 0.0801762114537445 0.0968944099378882
2 0.6193832599118942 0.5267080745341615 0.0881057268722467 0.1391304347826087
2 0.4788546255506608 0.6111801242236025 0.07136563876651983 0.11180124223602485
2 0.26387665198237886 0.5453416149068323 0.0907488986784141 0.10434782608695652
2 0.14405286343612334 0.6391304347826087 0.0801762114537445 0.09813664596273292
2 0.02643171806167401 0.6503105590062112 0.04757709251101322 0.10807453416149068
2 0.366079295154185 0.615527950310559 0.09427312775330396 0.09813664596273292
2 0.3563876651982379 0.7 0.09955947136563877 0.08571428571428572
2 0.38237885462555066 0.8341614906832299 0.0933920704845815 0.12049689440993788
2 0.2682819383259912 0.7105590062111802 0.0907488986784141 0.11180124223602485
2 0.20088105726872246 0.7285714285714285 0.08105726872246696 0.11055900621118013
2 0.11541850220264317 0.7484472049689441 0.0881057268722467 0.10559006211180125
2 0.053744493392070485 0.8714285714285714 0.0881057268722467 0.0906832298136646
2 0.20616740088105726 0.8832298136645963 0.07577092511013216 0.11180124223602485
1 0.7766519823788546 0.2850931677018634 0.027312775330396475 0.03354037267080745
1 0.7299559471365639 0.5124223602484472 0.044933920704845816 0.0484472049689441
1 0.6365638766519823 0.5167701863354037 0.03788546255506608 0.0422360248447205
0 0.37136563876651985 0.6006211180124224 0.03788546255506608 0.05341614906832298
0 0.4008810572687225 0.8434782608695652 0.038766519823788544 0.05217391304347826
0 0.37797356828193834 0.6987577639751553 0.04052863436123348 0.05093167701863354
1 0.13171806167400882 0.632919254658385 0.03612334801762115 0.055900621118012424
0 0.05330396475770925 0.8950310559006212 0.044933920704845816 0.058385093167701865
0 0.18237885462555067 0.724223602484472 0.03524229074889868 0.062111801242236024
1 0.22202643171806166 0.9130434782608695 0.024669603524229075 0.05217391304347826
1 0.2550660792951542 0.5434782608695652 0.03259911894273128 0.031055900621118012
1 0.2643171806167401 0.7204968944099379 0.03524229074889868 0.0422360248447205