2 0.5503875968992248 0.7665805340223945 0.022286821705426358 0.03789836347975883
2 0.4743217054263566 0.7639965546942291 0.02616279069767442 0.04306632213608958
2 0.5506298449612403 0.8001722652885443 0.01986434108527132 0.03789836347975883
2 0.3953488372093023 0.46554694229112836 0.022286821705426358 0.040482342807924204
2 0.46632751937984496 0.4797588285960379 0.022771317829457363 0.03962101636520241
2 0.6836240310077519 0.28165374677002586 0.02131782945736434 0.03617571059431524
2 0.6736918604651163 0.6494401378122309 0.022771317829457363 0.03617571059431524
2 0.7713178294573644 0.615848406546081 0.022286821705426358 0.03962101636520241
2 0.5930232558139535 0.19810508182601205 0.02131782945736434 0.029285099052540915
2 0.529312015503876 0.27260981912144705 0.022771317829457363 0.03531438415159346
2 0.48691860465116277 0.7721791559000861 0.009689922480620155 0.03359173126614987
1 0.6828972868217055 0.27993109388458226 0.011143410852713179 0.018949181739879414
0 0.7754360465116279 0.6102497846683893 0.012112403100775194 0.019810508182601206
1 0.3955910852713178 0.46856158484065463 0.012112403100775194 0.018949181739879414
0 0.5305232558139535 0.2721791559000861 0.011627906976744186 0.020671834625323
1 0.5898740310077519 0.18949181739879414 0.010174418604651164 0.024117140396210164
0 0.4738372093023256 0.7571059431524548 0.01065891472868217 0.02756244616709733
1 0.5518410852713178 0.7984496124031008 0.01065891472868217 0.018949181739879414
1 0.5499031007751938 0.768303186907838 0.012596899224806201 0.020671834625323
1 0.4646317829457364 0.4827734711455642 0.009689922480620155 0.019810508182601206
1 0.4903100775193798 0.7609819121447028 0.00872093023255814 0.01808785529715762