2 0.8896457765667575 0.1390773405698779 0.12806539509536785 0.11261872455902307
2 0.75 0.29172320217096337 0.12942779291553133 0.1248303934871099
2 0.5844686648501363 0.5922659430122117 0.11989100817438691 0.12347354138398914
2 0.9325613079019074 0.8385345997286295 0.13215258855585832 0.09226594301221167
2 0.7241144414168937 0.8405698778833107 0.19482288828337874 0.09633649932157395
2 0.7813351498637602 0.9023066485753053 0.10490463215258855 0.12211668928086838
1 0.9250681198910081 0.8073270013568521 0.03814713896457766 0.0407055630936228
1 0.7956403269754768 0.8995929443690638 0.04632152588555858 0.04341926729986431
0 0.720708446866485 0.8100407055630936 0.04632152588555858 0.051560379918588875
1 0.5810626702997275 0.592944369063772 0.04495912806539509 0.04341926729986431
1 0.8876021798365122 0.13432835820895522 0.03678474114441417 0.04341926729986431