2 0.4577777777777778 0.36654135338345867 0.09777777777777778 0.06954887218045112
2 0.8905555555555555 0.5122180451127819 0.08777777777777777 0.06954887218045112
2 0.8183333333333334 0.5347744360902256 0.08777777777777777 0.08082706766917293
2 0.9272222222222222 0.5634398496240601 0.07222222222222222 0.044172932330827065
2 0.5166666666666667 0.32847744360902253 0.07555555555555556 0.09868421052631579
1 0.4588888888888889 0.37781954887218044 0.03777777777777778 0.041353383458646614
1 0.49944444444444447 0.33270676691729323 0.03666666666666667 0.03383458646616541
2 0.6427777777777778 0.644266917293233 0.09888888888888889 0.07236842105263158
0 0.6394444444444445 0.6489661654135338 0.043333333333333335 0.042293233082706765
1 0.8422222222222222 0.5399436090225563 0.03777777777777778 0.03665413533834586
0 0.8933333333333333 0.5079887218045113 0.04888888888888889 0.042293233082706765
1 0.9022222222222223 0.5653195488721805 0.03777777777777778 0.02725563909774436