2 0.42237261146496813 0.5563124432334242 0.07882165605095541 0.09355131698455948
2 0.554140127388535 0.48455949137148047 0.0875796178343949 0.07901907356948229
2 0.2921974522292994 0.41825613079019075 0.0732484076433121 0.09536784741144415
2 0.03662420382165605 0.7138964577656676 0.06050955414012739 0.11444141689373297
2 0.5855891719745223 0.7166212534059946 0.0804140127388535 0.07629427792915532
2 0.2635350318471338 0.7243415077202543 0.07165605095541401 0.05903723887375113
2 0.13614649681528662 0.5131698455949137 0.07484076433121019 0.07266121707538602
2 0.14928343949044587 0.572661217075386 0.07404458598726114 0.055404178019981834
2 0.5593152866242038 0.18528610354223432 0.06130573248407643 0.08174386920980926
2 0.4804936305732484 0.1589464123524069 0.06449044585987261 0.07811080835603997
2 0.10987261146496816 0.9514078110808356 0.06528662420382166 0.08265213442325159
2 0.20979299363057324 0.7534059945504087 0.058121019108280256 0.06267029972752043
2 0.6405254777070064 0.5145322434150772 0.06130573248407643 0.05903723887375113
2 0.43710191082802546 0.08446866485013624 0.05573248407643312 0.07266121707538602
2 0.633359872611465 0.21162579473206175 0.05015923566878981 0.06902815622161672
2 0.5847929936305732 0.24977293369663942 0.05015923566878981 0.047229791099000905
2 0.4629777070063694 0.4368755676657584 0.06926751592356688 0.047229791099000905
2 0.4980095541401274 0.2257039055404178 0.05493630573248408 0.053587647593097185
2 0.5159235668789809 0.30881017257039056 0.044585987261146494 0.05086285195277021
0 0.0963375796178344 0.9645776566757494 0.03503184713375796 0.023614895549500452
1 0.26552547770700635 0.7284287011807448 0.026273885350318472 0.027247956403269755
1 0.20780254777070065 0.7524977293369663 0.022292993630573247 0.02452316076294278
0 0.02945859872611465 0.7134423251589465 0.03503184713375796 0.03360581289736603
0 0.42197452229299365 0.5640326975476839 0.03980891719745223 0.03814713896457766
0 0.16321656050955413 0.5812897366030881 0.025477707006369428 0.0326975476839237
0 0.13415605095541402 0.522252497729337 0.02945859872611465 0.03451407811080836
1 0.6389331210191083 0.5227066303360581 0.02308917197452229 0.02633969118982743
0 0.5505573248407644 0.4909173478655767 0.026273885350318472 0.03905540417801998
2 0.5370222929936306 0.19209809264305178 0.03264331210191083 0.048138056312443236