2 0.6369353916523728 0.49038461538461536 0.10405946255002858 0.06794871794871794
2 0.07004002287021155 0.4496794871794872 0.0714694110920526 0.10064102564102564
2 0.6252144082332761 0.27275641025641023 0.07833047455688966 0.08653846153846154
2 0.3833619210977702 0.40705128205128205 0.0851915380217267 0.07435897435897436
2 0.15237278444825614 0.7009615384615384 0.0851915380217267 0.07628205128205129
2 0.5285877644368211 0.15737179487179487 0.09205260148656375 0.07115384615384615
2 0.5623213264722698 0.22692307692307692 0.06803887935963408 0.052564102564102565
0 0.14379645511720984 0.6948717948717948 0.026872498570611778 0.035897435897435895
0 0.06403659233847914 0.4519230769230769 0.030874785591766724 0.03461538461538462
1 0.3853630646083476 0.4217948717948718 0.029731275014293884 0.03461538461538462
1 0.6234991423670669 0.47660256410256413 0.029159519725557463 0.03141025641025641
1 0.6275014293882218 0.27852564102564104 0.031446540880503145 0.03782051282051282
1 0.5574614065180102 0.2403846153846154 0.024013722126929673 0.029487179487179487
0 0.5160091480846197 0.14871794871794872 0.026872498570611778 0.038461538461538464