2 0.16005802707930367 0.13464235624123422 0.11121856866537717 0.11781206171107994
2 0.7205029013539652 0.37237026647966337 0.06769825918762089 0.14726507713884993
2 0.31431334622823986 0.3597475455820477 0.059961315280464215 0.09396914446002805
2 0.402321083172147 0.3695652173913043 0.10058027079303675 0.13043478260869565
2 0.3471953578336557 0.4908835904628331 0.07543520309477757 0.12342215988779803
2 0.344294003868472 0.605890603085554 0.08897485493230174 0.1458625525946704
2 0.4153771760154739 0.5974754558204769 0.08994197292069632 0.12342215988779803
2 0.5004835589941973 0.3702664796633941 0.11702127659574468 0.1570827489481066
2 0.41102514506769827 0.7510518934081346 0.07736943907156674 0.1332398316970547
2 0.6015473887814313 0.7405329593267882 0.11992263056092843 0.15427769985974754
2 0.6697292069632496 0.8906030855539971 0.12282398452611218 0.12342215988779803
2 0.5159574468085106 0.8127629733520336 0.10735009671179883 0.18653576437587657
2 0.40135396518375244 0.8948106591865358 0.07156673114119923 0.12342215988779803
2 0.4400386847195358 0.8899018232819075 0.07543520309477757 0.09957924263674614
0 0.15715667311411993 0.15287517531556802 0.039651837524177946 0.06732117812061711
0 0.718568665377176 0.3695652173913043 0.06769825918762089 0.14726507713884993
0 0.6503868471953579 0.8856942496493688 0.07059961315280464 0.08555399719495091
0 0.3230174081237911 0.34221598877980364 0.04448742746615087 0.07012622720897616
0 0.3902321083172147 0.39901823281907434 0.041586073500967116 0.07713884992987377
1 0.422147001934236 0.615007012622721 0.033849129593810444 0.06030855539971949
0 0.32205029013539654 0.6065918653576438 0.0425531914893617 0.06030855539971949
0 0.4245647969052224 0.8625525946704067 0.048355899419729204 0.061711079943899017
0 0.4932301740812379 0.8127629733520336 0.05029013539651837 0.07152875175315568
0 0.48307543520309476 0.3807854137447405 0.045454545454545456 0.0546984572230014
1 0.6049323017408124 0.7300140252454418 0.041586073500967116 0.06591865357643759