2 0.27364864864864863 0.33783783783783783 0.08108108108108109 0.07362534948741846
2 0.4353885135135135 0.38816402609506057 0.08023648648648649 0.06989748369058714
2 0.33826013513513514 0.21621621621621623 0.0785472972972973 0.09319664492078285
2 0.700168918918919 0.3191985088536813 0.09121621621621621 0.06430568499534017
2 0.762668918918919 0.40074557315936626 0.06925675675675676 0.07269338303821063
2 0.48015202702702703 0.5312208760484622 0.07516891891891891 0.06896551724137931
2 0.4847972972972973 0.5736253494874185 0.07601351351351351 0.05684995340167754
2 0.5464527027027027 0.5913327120223671 0.06587837837837837 0.05871388630009319
2 0.37753378378378377 0.6868592730661697 0.060810810810810814 0.09319664492078285
2 0.33403716216216217 0.7297297297297297 0.07347972972972973 0.06523765144454799
2 0.7119932432432432 0.7679403541472507 0.07601351351351351 0.06337371854613234
2 0.7394425675675675 0.9692451071761417 0.06503378378378379 0.05964585274930102
2 0.42103040540540543 0.9459459459459459 0.06165540540540541 0.05778191985088537
2 0.42778716216216217 0.8802423112767941 0.056587837837837836 0.05125815470643057
2 0.35135135135135137 0.07036346691519105 0.06418918918918919 0.049394221808014914
2 0.5785472972972973 0.8718546132339235 0.0472972972972973 0.06244175209692451
2 0.7474662162162162 0.34762348555452005 0.0472972972972973 0.05964585274930102
2 0.49239864864864863 0.8406337371854613 0.06925675675675676 0.0391425908667288
2 0.511402027027027 0.9715750232991612 0.05152027027027027 0.05498602050326188
0 0.34628378378378377 0.2124883504193849 0.037162162162162164 0.03727865796831314
1 0.27280405405405406 0.33131407269338303 0.03209459459459459 0.04007455731593663
1 0.4387668918918919 0.3853681267474371 0.036317567567567564 0.03075489282385834
1 0.33234797297297297 0.717148182665424 0.02787162162162162 0.03821062441752097
0 0.3640202702702703 0.6859273066169618 0.037162162162162164 0.02982292637465051
1 0.542652027027027 0.5787511649580616 0.02956081081081081 0.033550792171481825
1 0.4877533783783784 0.5852749301025163 0.02787162162162162 0.03727865796831314
1 0.47677364864864863 0.53215284249767 0.026182432432432432 0.02982292637465051
0 0.7027027027027027 0.7795899347623485 0.03209459459459459 0.04007455731593663
0 0.47466216216216217 0.8443616029822927 0.03547297297297297 0.035414725069897485
0 0.734375 0.972506989748369 0.03800675675675676 0.028890959925442685
1 0.4172297297297297 0.9599254426840633 0.02195945945945946 0.0391425908667288
1 0.4201858108108108 0.8979496738117427 0.026182432432432432 0.03075489282385834
1 0.5684121621621622 0.8653308480894688 0.028716216216216218 0.03821062441752097
0 0.7630912162162162 0.40773532152842495 0.036317567567567564 0.034482758620689655
1 0.7039695945945946 0.3364398881640261 0.026182432432432432 0.03168685927306617
2 0.5924831081081081 0.6514445479962722 0.04983108108108108 0.048462255358807084
2 0.39146959459459457 0.9044734389561976 0.03125 0.06803355079217148
1 0.39907094594594594 0.896551724137931 0.017736486486486486 0.024231127679403542
2 0.5768581081081081 0.6635601118359739 0.03209459459459459 0.027958993476234855