2 0.09789569990850869 0.3063209076175041 0.07136322049405307 0.11993517017828201
2 0.1303751143641354 0.692868719611021 0.10887465690759378 0.1766612641815235
2 0.32708142726440986 0.9059967585089141 0.09789569990850869 0.15883306320907617
2 0.6418115279048491 0.27633711507293357 0.1344922232387923 0.16369529983792544
2 0.4373284537968893 0.406807131280389 0.08051235132662397 0.17828200972447325
2 0.4322964318389753 0.6628849270664505 0.08691674290942361 0.19773095623987033
2 0.5009149130832571 0.63290113452188 0.1344922232387923 0.19286871961102106
2 0.8161024702653248 0.7244732576985413 0.08417200365965233 0.15559157212317667
2 0.9263494967978042 0.6758508914100486 0.0686184812442818 0.1620745542949757
2 0.8005489478499542 0.3824959481361426 0.09332113449222323 0.1426256077795786
2 0.8462946020128088 0.47974068071312803 0.04574565416285453 0.10696920583468396
2 0.8522415370539799 0.3841166936790924 0.0686184812442818 0.11993517017828201
0 0.09469350411710888 0.2714748784440843 0.04117108874656908 0.08265802269043761
0 0.9117108874656907 0.6612641815235009 0.055809698078682524 0.08103727714748785
0 0.5009149130832571 0.6247974068071313 0.043000914913083256 0.07941653160453808
0 0.42680695333943275 0.4497568881685575 0.043000914913083256 0.10210696920583469
0 0.3083257090576395 0.9141004862236629 0.04391582799634035 0.07455429497568881
1 0.1253430924062214 0.6588330632090762 0.04391582799634035 0.07941653160453808
0 0.8165599268069533 0.6880064829821718 0.043000914913083256 0.07941653160453808
1 0.6418115279048491 0.2909238249594814 0.0484903934126258 0.08589951377633712
1 0.7909423604757548 0.4246353322528363 0.04666056724611162 0.08103727714748785
1 0.8508691674290942 0.36628849270664504 0.027447392497712716 0.07455429497568881