2 0.3714788732394366 0.6596 0.0897887323943662 0.0872
2 0.7425176056338029 0.106 0.10123239436619719 0.0664
2 0.8987676056338029 0.2076 0.11267605633802817 0.0696
2 0.44366197183098594 0.2844 0.10387323943661972 0.0568
2 0.10695422535211267 0.706 0.07482394366197183 0.0824
2 0.9326584507042254 0.1132 0.05721830985915493 0.0936
2 0.23767605633802816 0.3132 0.06690140845070422 0.0472
2 0.8983274647887324 0.1344 0.06426056338028169 0.0672
2 0.7389964788732394 0.5136 0.05545774647887324 0.0864
1 0.09242957746478873 0.7052 0.028169014084507043 0.0216
1 0.3710387323943662 0.6536 0.03433098591549296 0.032
1 0.4441021126760563 0.2732 0.030809859154929578 0.0312
1 0.7482394366197183 0.512 0.02464788732394366 0.0272
1 0.7389964788732394 0.1132 0.027288732394366196 0.0312
0 0.8992077464788732 0.1908 0.030809859154929578 0.044
0 0.9150528169014085 0.132 0.03433098591549296 0.0256