2 0.38917525773195877 0.40820424555364315 0.06958762886597938 0.060240963855421686
2 0.696520618556701 0.6606425702811245 0.06572164948453608 0.05450372920252438
2 0.4268685567010309 0.30522088353413657 0.057345360824742266 0.058519793459552494
2 0.13692010309278352 0.1959265633964429 0.057345360824742266 0.04876649454962708
2 0.7164948453608248 0.5917957544463569 0.05283505154639175 0.04073436603557085
2 0.18427835051546393 0.22662076878944348 0.05283505154639175 0.058519793459552494
2 0.757409793814433 0.6497418244406197 0.04832474226804124 0.04991394148020654
2 0.14143041237113402 0.2547332185886403 0.04832474226804124 0.06196213425129088
2 0.4271907216494845 0.3657487091222031 0.04768041237113402 0.055651176133103844
2 0.08634020618556701 0.19650028686173265 0.05283505154639175 0.06827309236947791
2 0.10760309278350516 0.22461273666092943 0.06958762886597938 0.05220883534136546
2 0.6037371134020618 0.8399311531841652 0.061855670103092786 0.05393000573723465