2 0.42586912065439675 0.5087358684480987 0.08895705521472393 0.06372045220966084
2 0.556237218813906 0.8663926002055499 0.08384458077709611 0.09249743062692703
2 0.9166666666666666 0.9563206577595067 0.06237218813905931 0.08530318602261049
2 0.25715746421267893 0.1618705035971223 0.0869120654396728 0.08941418293936279
2 0.18353783231083845 0.1906474820143885 0.08486707566462168 0.08324768756423433
2 0.18711656441717792 0.4527235354573484 0.11042944785276074 0.07913669064748201
2 0.2878323108384458 0.4522096608427544 0.06850715746421268 0.10688591983556012
2 0.36912065439672803 0.48252826310380265 0.07770961145194274 0.06680369989722508
2 0.3803680981595092 0.6937307297019527 0.08384458077709611 0.05549845837615622
2 0.4059304703476483 0.8412127440904419 0.07770961145194274 0.08119218910585817
2 0.9151329243353783 0.6500513874614594 0.10633946830265849 0.07091469681397738
2 0.19938650306748465 0.37461459403905445 0.09202453987730061 0.07708119218910586
2 0.07822085889570553 0.5267214799588901 0.08077709611451943 0.08119218910585817
2 0.3261758691206544 0.24665981500513876 0.09611451942740286 0.08633093525179857
2 0.1083844580777096 0.47584789311408016 0.05930470347648262 0.1171634121274409
1 0.08844580777096114 0.5323741007194245 0.02965235173824131 0.0328879753340185
0 0.2719836400817996 0.4516957862281603 0.03680981595092025 0.0421377183967112
0 0.18507157464212678 0.45066803699897223 0.0408997955010225 0.040082219938335044
0 0.19376278118609408 0.37050359712230213 0.0541922290388548 0.03391572456320658
1 0.18813905930470348 0.2040082219938335 0.032719836400818 0.03802672147995889
1 0.24846625766871167 0.16238437821171633 0.03067484662576687 0.0328879753340185
0 0.3282208588957055 0.23381294964028776 0.04294478527607362 0.03186022610483042
0 0.37985685071574643 0.4840698869475848 0.03578732106339468 0.030832476875642344
0 0.4320040899795501 0.5200411099691675 0.03169734151329243 0.041109969167523124
1 0.37934560327198363 0.6855087358684481 0.034764826175869123 0.03494347379239465
0 0.901840490797546 0.6557040082219938 0.044989775051124746 0.041109969167523124
0 0.5557259713701431 0.8730729701952723 0.04805725971370143 0.048304213771839674
0 0.9304703476482618 0.9701952723535457 0.034764826175869123 0.03494347379239465