2 0.7072916666666667 0.1879251700680272 0.11458333333333333 0.1054421768707483
2 0.6140625 0.29336734693877553 0.10104166666666667 0.08843537414965986
2 0.17447916666666666 0.3086734693877551 0.11354166666666667 0.08843537414965986
2 0.0953125 0.342687074829932 0.11354166666666667 0.0663265306122449
2 0.09270833333333334 0.40561224489795916 0.0875 0.07653061224489796
2 0.06822916666666666 0.08078231292517007 0.09895833333333333 0.10374149659863946
2 0.10677083333333333 0.6288265306122449 0.08229166666666667 0.05187074829931973
0 0.09166666666666666 0.08163265306122448 0.058333333333333334 0.0391156462585034
1 0.6921875 0.1951530612244898 0.053125 0.036564625850340135
1 0.6067708333333334 0.2929421768707483 0.04479166666666667 0.03316326530612245
1 0.17239583333333333 0.30272108843537415 0.046875 0.03571428571428571
1 0.0890625 0.4017857142857143 0.046875 0.03486394557823129
1 0.13072916666666667 0.6475340136054422 0.04895833333333333 0.031462585034013606
1 0.0921875 0.350765306122449 0.046875 0.03316326530612245