2 0.7833665338645418 0.6013119533527697 0.10657370517928287 0.08163265306122448
2 0.6922310756972112 0.6785714285714286 0.10557768924302789 0.06851311953352769
2 0.22609561752988047 0.918731778425656 0.10756972111553785 0.08381924198250729
2 0.34760956175298807 0.8899416909620991 0.10557768924302789 0.07725947521865889
2 0.8172310756972112 0.14358600583090378 0.1205179282868526 0.0641399416909621
2 0.5219123505976095 0.3152332361516035 0.16334661354581673 0.06924198250728864
2 0.12151394422310757 0.41180758017492713 0.1593625498007968 0.06559766763848396
2 0.7400398406374502 0.4041545189504373 0.10557768924302789 0.07798833819241982
2 0.6588645418326693 0.40488338192419826 0.0846613545816733 0.09985422740524781
2 0.6319721115537849 0.467201166180758 0.1344621513944223 0.06997084548104957
2 0.5239043824701195 0.5983965014577259 0.1553784860557769 0.06559766763848396
2 0.06623505976095617 0.6993440233236151 0.10856573705179283 0.09985422740524781
2 0.23854581673306774 0.6669096209912536 0.08665338645418327 0.10204081632653061
2 0.28436254980079684 0.6410349854227405 0.10856573705179283 0.08090379008746355
2 0.3341633466135458 0.5947521865889213 0.09063745019920319 0.07871720116618076
2 0.40039840637450197 0.6042274052478134 0.0796812749003984 0.07142857142857142
2 0.50199203187251 0.5051020408163265 0.099601593625498 0.0728862973760933
2 0.30727091633466136 0.0652332361516035 0.07868525896414343 0.05029154518950437
0 0.2056772908366534 0.9238338192419825 0.054780876494023904 0.03717201166180758
0 0.3286852589641434 0.8899416909620991 0.055776892430278883 0.033527696793002916
0 0.054780876494023904 0.6862244897959183 0.053784860557768925 0.043002915451895045
1 0.12350597609561753 0.42091836734693877 0.035856573705179286 0.034256559766763846
2 0.6299800796812749 0.7237609329446064 0.10059760956175298 0.10058309037900874
0 0.6125498007968128 0.7219387755102041 0.05179282868525897 0.04008746355685131
1 0.250996015936255 0.6694606413994169 0.05776892430278884 0.02696793002915452
1 0.31225099601593626 0.6301020408163265 0.05677290836653386 0.04154518950437318
1 0.34063745019920316 0.5994897959183674 0.045816733067729085 0.03279883381924198
1 0.38147410358565736 0.6024052478134111 0.043824701195219126 0.02696793002915452
0 0.5109561752988048 0.6126093294460642 0.0398406374501992 0.043002915451895045
1 0.5029880478087649 0.5061953352769679 0.03386454183266932 0.02988338192419825
0 0.6334661354581673 0.47667638483965014 0.045816733067729085 0.04518950437317784
1 0.7569721115537849 0.38666180758017493 0.035856573705179286 0.03279883381924198
0 0.6663346613545816 0.40524781341107874 0.04780876494023904 0.029154518950437316
1 0.5229083665338645 0.3305393586005831 0.04183266932270916 0.03134110787172012
2 0.5079681274900398 0.43112244897959184 0.08964143426294821 0.05903790087463557
2 0.4447211155378486 0.5517492711370262 0.0647410358565737 0.06705539358600583
1 0.45567729083665337 0.5408163265306123 0.030876494023904383 0.03206997084548105
1 0.8102589641434262 0.13228862973760933 0.036852589641434265 0.03717201166180758
1 0.29233067729083667 0.05539358600583091 0.02888446215139442 0.027696793002915453
0 0.7719123505976095 0.6009475218658892 0.04183266932270916 0.038629737609329445
0 0.6867529880478087 0.6803935860058309 0.052788844621513946 0.03571428571428571