2 0.42901662049861494 0.49451679232350926 0.07409972299168975 0.06511309115832763
2 0.06717451523545706 0.35195339273474985 0.06925207756232687 0.06100068540095956
2 0.7316481994459834 0.7412611377655929 0.05886426592797784 0.06100068540095956
2 0.27493074792243766 0.2556545579163811 0.06509695290858726 0.06305688827964359
2 0.12222991689750692 0.4688142563399589 0.07132963988919667 0.0520904729266621
2 0.27458448753462605 0.9585332419465388 0.04916897506925208 0.06374228923920494
2 0.7399584487534626 0.8084304318026045 0.06024930747922438 0.058259081562714185
2 0.7731994459833795 0.9475668265935572 0.05055401662049862 0.06374228923920494
2 0.2098337950138504 0.20287868403015763 0.06925207756232687 0.053461274845784786
2 0.5096952908587258 0.6079506511309116 0.05678670360110803 0.053461274845784786
2 0.27943213296398894 0.47840986977381766 0.06301939058171745 0.061686086360520906
2 0.4937673130193906 0.387251542152159 0.04847645429362881 0.05620287868403016
2 0.11114958448753462 0.18471555860178204 0.06301939058171745 0.04866346812885538
2 0.7437673130193906 0.8745716244002741 0.04155124653739612 0.06854009595613433
2 0.35145429362880887 0.3207676490747087 0.05193905817174515 0.05894448252227553
2 0.21087257617728533 0.5037697052775874 0.054709141274238225 0.05071967100753941
2 0.6485457063711911 0.5932145305003427 0.05609418282548476 0.05140507196710076
2 0.5886426592797784 0.46264564770390676 0.04847645429362881 0.05757368060315284
2 0.5979916897506925 0.49485949280328995 0.05193905817174515 0.05894448252227553
2 0.49272853185595566 0.5514050719671008 0.05886426592797784 0.05414667580534613
2 0.1651662049861496 0.5904729266620973 0.04778393351800554 0.03906785469499657
2 0.12257617728531855 0.22721041809458534 0.054016620498614956 0.05140507196710076
2 0.20879501385041552 0.7762165867032214 0.039473684210526314 0.05140507196710076
2 0.2389196675900277 0.6254283755997259 0.038781163434903045 0.04592186429061001
2 0.16101108033240996 0.5479780671692941 0.07409972299168975 0.04866346812885538
2 0.1755540166204986 0.6192597669636738 0.04085872576177285 0.030843043180260453
2 0.23718836565096954 0.6936257710760795 0.04362880886426593 0.0411240575736806
2 0.503808864265928 0.7093899931459904 0.04778393351800554 0.05483207676490747
2 0.5481301939058172 0.8379026730637423 0.05332409972299169 0.07607950651130911
2 0.2932825484764543 0.6432488005483208 0.04916897506925208 0.058259081562714185
2 0.04016620498614958 0.18677176148046606 0.0443213296398892 0.0568882796435915
2 0.35353185595567865 0.26422206991089786 0.054709141274238225 0.05414667580534613
2 0.4774930747922438 0.639821795750514 0.05609418282548476 0.0363262508567512
2 0.3729224376731302 0.6929403701165182 0.04916897506925208 0.03564084989718986
2 0.21225761772853186 0.274503084304318 0.06301939058171745 0.04318026045236463
2 0.5221606648199446 0.42460589444825225 0.05817174515235457 0.03221384509938314
2 0.7344182825484764 0.9499657299520219 0.054709141274238225 0.05071967100753941