2 0.4767365661861075 0.4889018691588785 0.07929226736566186 0.08060747663551401
2 0.6517038007863696 0.7023948598130841 0.09895150720838794 0.0683411214953271
2 0.6464613368283093 0.6372663551401869 0.07929226736566186 0.06658878504672897
2 0.5743774574049804 0.6469042056074766 0.07404980340760157 0.06600467289719626
2 0.29062909567496725 0.9342873831775701 0.0674967234600262 0.08235981308411215
2 0.4954128440366973 0.6831191588785047 0.05897771952817824 0.05899532710280374
2 0.6399082568807339 0.5286214953271028 0.05701179554390563 0.06425233644859812
2 0.7552424639580603 0.4480140186915888 0.07536041939711664 0.05023364485981308
2 0.7031454783748362 0.4015771028037383 0.08387942332896461 0.04964953271028037
2 0.40530799475753604 0.9751752336448598 0.037352555701179554 0.04848130841121495
2 0.6182830930537353 0.4080023364485981 0.07404980340760157 0.04964953271028037
2 0.562254259501966 0.4529789719626168 0.07732634338138926 0.04848130841121495
2 0.46166448230668417 0.6320093457943925 0.0779816513761468 0.06425233644859812
2 0.35288335517693314 0.5581191588785047 0.06487549148099607 0.06483644859813084
2 0.5756880733944955 0.5148948598130841 0.05307994757536042 0.054322429906542055
2 0.5461992136304062 0.5522780373831776 0.06880733944954129 0.04030373831775701
2 0.9790301441677588 0.42435747663551404 0.03669724770642202 0.04731308411214953
2 0.43577981651376146 0.9783878504672897 0.047182175622542594 0.04205607476635514