2 0.6602624179943768 0.473613595706619 0.09465791940018745 0.09391771019677997
2 0.5567010309278351 0.0778175313059034 0.09184629803186505 0.1073345259391771
2 0.6701030927835051 0.7853309481216458 0.07310215557638237 0.13774597495527727
2 0.746954076850984 0.9387298747763864 0.09372071227741331 0.10822898032200358
2 0.31537019681349576 0.6408765652951699 0.1077788191190253 0.10644007155635063
2 0.4184629803186504 0.7938282647584973 0.08903467666354264 0.06708407871198568
2 0.46485473289597 0.9481216457960644 0.07872539831302718 0.07334525939177101
2 0.1049671977507029 0.5308586762075134 0.056232427366447985 0.08676207513416816
2 0.7699156513589503 0.19588550983899822 0.1021555763823805 0.09838998211091235
1 0.020618556701030927 0.47450805008944547 0.03748828491096532 0.04561717352415027
1 0.10684161199625117 0.5438282647584973 0.02999062792877226 0.03756708407871199
1 0.3149015932521087 0.631484794275492 0.03561387066541706 0.03041144901610018
0 0.542642924086223 0.07826475849731664 0.041237113402061855 0.03309481216457961
1 0.7539831302717901 0.2133273703041145 0.038425492033739454 0.03488372093023256
1 0.6490159325210871 0.48166368515205726 0.030927835051546393 0.03488372093023256
1 0.6808809746954076 0.7804114490161002 0.03655107778819119 0.03130590339892665
1 0.4062792877225867 0.8099284436493739 0.03280224929709466 0.04025044722719141
1 0.7652296157450796 0.9387298747763864 0.03655107778819119 0.029516994633273702
0 0.44611059044048734 0.9320214669051878 0.031865042174320526 0.04114490161001789