2 0.5548561151079137 0.39375 0.09172661870503597 0.10288461538461538
2 0.8484712230215827 0.3682692307692308 0.08003597122302158 0.11153846153846154
2 0.39388489208633093 0.7951923076923076 0.07553956834532374 0.09038461538461538
2 0.6214028776978417 0.614423076923077 0.07553956834532374 0.08269230769230769
2 0.7414568345323741 0.6216346153846154 0.08003597122302158 0.05673076923076923
2 0.3556654676258993 0.8028846153846154 0.06384892086330936 0.08653846153846154
1 0.3664568345323741 0.8072115384615385 0.029676258992805755 0.03365384615384615
1 0.39118705035971224 0.7971153846153847 0.03237410071942446 0.03653846153846154
0 0.6182553956834532 0.6346153846153846 0.03507194244604316 0.04230769230769231
1 0.5517086330935251 0.3975961538461538 0.029676258992805755 0.03173076923076923
1 0.7306654676258992 0.6086538461538461 0.029676258992805755 0.03076923076923077
1 0.8376798561151079 0.3730769230769231 0.0368705035971223 0.03653846153846154
2 0.9743705035971223 0.5615384615384615 0.045863309352517985 0.07307692307692308
2 0.4797661870503597 0.5543269230769231 0.07464028776978417 0.09326923076923077