2 0.35031000885739594 0.5865963855421686 0.08945969884853854 0.0858433734939759
2 0.3950398582816652 0.41001506024096385 0.070859167404783 0.0730421686746988
2 0.33702391496899914 0.84375 0.0983170947741364 0.054969879518072286
2 0.1550044286979628 0.6370481927710844 0.06023029229406555 0.06325301204819277
2 0.6089459698848538 0.35504518072289154 0.05580159433126661 0.07003012048192771
2 0.9424269264836138 0.35843373493975905 0.06200177147918512 0.05572289156626506
2 0.66651904340124 0.21046686746987953 0.07174490699734277 0.04141566265060241
2 0.9703277236492471 0.4431475903614458 0.05757307351638618 0.04442771084337349
2 0.4193976970770593 0.30835843373493976 0.03808680248007086 0.05798192771084337
2 0.8728963684676705 0.3200301204819277 0.046944198405668734 0.045180722891566265
0 0.3644818423383525 0.5798192771084337 0.04162976085031001 0.03463855421686747
0 0.6080602302922941 0.36634036144578314 0.03100088573959256 0.03237951807228916
0 0.6837909654561559 0.21272590361445784 0.04428697962798937 0.02635542168674699
0 0.9406554472984943 0.34676204819277107 0.030115146147032774 0.03237951807228916
0 0.9840566873339238 0.44879518072289154 0.030115146147032774 0.03313253012048193
1 0.8680248007085917 0.30911144578313254 0.024800708591674048 0.02635542168674699
1 0.39902568644818426 0.4054969879518072 0.025686448184233834 0.02033132530120482
0 0.41984056687333926 0.29743975903614456 0.0283436669619132 0.0286144578313253
0 0.3463241806908769 0.8320783132530121 0.03188662533215235 0.03162650602409638