2 0.6959038290293855 0.4679245283018868 0.11130899376669635 0.06792452830188679
2 0.6353517364203027 0.3822641509433962 0.08637577916295637 0.06716981132075471
2 0.5133570792520036 0.6984905660377358 0.07034728406055209 0.06264150943396227
2 0.3637577916295637 0.3452830188679245 0.07569011576135352 0.06566037735849056
2 0.4928762243989314 0.5305660377358491 0.08103294746215495 0.05584905660377359
2 0.4946571682991986 0.31849056603773584 0.05609973285841496 0.06792452830188679
2 0.9465716829919858 0.35245283018867923 0.07479964381121995 0.0830188679245283
2 0.8691006233303651 0.22377358490566038 0.06233303650934995 0.04
2 0.4928762243989314 0.5924528301886792 0.05966162065894924 0.07245283018867925
2 0.5422974176313446 0.5871698113207547 0.05699020480854853 0.07849056603773585
1 0.5053428317008014 0.6966037735849057 0.034728406055209264 0.024150943396226414
0 0.6936776491540516 0.47962264150943396 0.032056990204808546 0.04
0 0.4777382012466607 0.5966037735849057 0.03829029385574354 0.02339622641509434
0 0.5258236865538736 0.5939622641509434 0.025823686553873553 0.03320754716981132
1 0.9545859305431879 0.35132075471698115 0.03561887800534283 0.02188679245283019
2 0.6295636687444346 0.26490566037735847 0.06589492430988424 0.057358490566037736
0 0.6353517364203027 0.37849056603773584 0.029385574354407838 0.03245283018867925
2 0.9465716829919858 0.23849056603773586 0.05699020480854853 0.03924528301886793