2 0.8653386454183267 0.8133514986376021 0.08764940239043825 0.0971843778383288
2 0.6629482071713148 0.5899182561307902 0.08446215139442231 0.07356948228882834
2 0.5023904382470119 0.15440508628519528 0.08366533864541832 0.06721162579473206
2 0.703187250996016 0.5277020890099909 0.06613545816733067 0.08356039963669391
2 0.45976095617529883 0.7216167120799274 0.0653386454183267 0.09355131698455948
2 0.7697211155378486 0.37693006357856496 0.05896414342629482 0.07629427792915532
2 0.8940239043824701 0.9450499545867393 0.06693227091633466 0.08991825613079019
2 0.5175298804780877 0.21798365122615804 0.08366533864541832 0.06721162579473206
2 0.5163346613545817 0.047683923705722074 0.09083665338645418 0.09355131698455948
2 0.5625498007968127 0.11126248864668484 0.06374501992031872 0.07538601271571299
2 0.5310756972111553 0.7947320617620345 0.06932270916334661 0.0653950953678474
1 0.9055776892430278 0.9545867393278837 0.026294820717131476 0.029064486830154404
0 0.8458167330677291 0.7979109900090826 0.02948207171314741 0.02997275204359673
0 0.5322709163346614 0.776566757493188 0.02549800796812749 0.03451407811080836
0 0.7111553784860558 0.5254314259763851 0.035856573705179286 0.02997275204359673
0 0.6597609561752988 0.5722070844686649 0.027091633466135457 0.03996366939146231
0 0.5171314741035856 0.20799273387829245 0.0350597609561753 0.03633060853769301
0 0.5517928286852589 0.10263396911898275 0.027888446215139442 0.030881017257039057
1 0.5051792828685259 0.14305177111716622 0.02390438247011952 0.035422343324250684
1 0.5262948207171315 0.045413260672116255 0.04063745019920319 0.029064486830154404