2 0.39822082679225534 0.9207632600258733 0.07430664573521717 0.08085381630012936
2 0.3785975928833072 0.44016817593790425 0.06750392464678179 0.08085381630012936
2 0.3024594453165882 0.6122250970245796 0.052328623757195186 0.0705045278137128
2 0.391156462585034 0.5779430789133247 0.05703819989534275 0.06403622250970246
2 0.26661433804290946 0.7399741267787839 0.054945054945054944 0.05821474773609314
2 0.9586603872318158 0.05465717981888745 0.052328623757195186 0.04592496765847348
2 0.250130821559393 0.8030401034928849 0.06907378335949764 0.0705045278137128
2 0.8500784929356358 0.7538809831824063 0.0423861852433281 0.03557567917205692
2 0.8239141810570382 0.7386804657179818 0.0423861852433281 0.04398447606727038
2 0.7480376766091051 0.9796248382923674 0.054945054945054944 0.03945666235446313
2 0.5481423338566196 0.8360284605433377 0.06541077969649398 0.06921086675291074
2 0.4958137100994244 0.8450840879689522 0.03924646781789639 0.0666235446313066
2 0.5554683411826269 0.758732212160414 0.0423861852433281 0.06985769728331177
2 0.6373626373626373 0.7005174644243208 0.04500261643118786 0.05821474773609314
2 0.35583464154892724 0.6717335058214747 0.05128205128205128 0.04592496765847348
2 0.4010989010989011 0.6584734799482536 0.06227106227106227 0.03622250970245795
2 0.6700680272108843 0.5284605433376456 0.04657247514390372 0.0517464424320828
2 0.869178440607012 0.41203104786545924 0.03349031920460492 0.050452781371280724
2 0.9301412872841445 0.4023285899094437 0.047619047619047616 0.045278137128072445