2 0.6 0.16042267050912584 0.0707070707070707 0.05763688760806916
2 0.15606060606060607 0.04178674351585014 0.1 0.07012487992315082
2 0.1717171717171717 0.1685878962536023 0.09292929292929293 0.056676272814601344
2 0.1494949494949495 0.1186359269932757 0.07676767676767676 0.056676272814601344
2 0.06060606060606061 0.19596541786743515 0.08484848484848485 0.08069164265129683
2 0.9171717171717172 0.8165225744476465 0.05454545454545454 0.08837656099903939
2 0.27525252525252525 0.03314121037463977 0.08181818181818182 0.06243996157540826
1 0.9287878787878788 0.8208453410182517 0.03333333333333333 0.04130643611911623
1 0.6080808080808081 0.148895292987512 0.03232323232323232 0.0345821325648415
1 0.2722222222222222 0.03506243996157541 0.03333333333333333 0.03170028818443804
0 0.15707070707070708 0.03506243996157541 0.03939393939393939 0.04514889529298751
1 0.18838383838383838 0.1685878962536023 0.03333333333333333 0.03362151777137368
2 0.06515151515151515 0.24591738712776176 0.07777777777777778 0.05187319884726225
1 0.05353535353535353 0.23439000960614795 0.03636363636363636 0.024975984630163303
1 0.05101010101010101 0.20605187319884727 0.03939393939393939 0.03554274735830932
1 0.14444444444444443 0.1340057636887608 0.04040404040404041 0.037463976945244955