2 0.7194548872180451 0.2999131944444444 0.07800751879699248 0.09635416666666667
2 0.8087406015037594 0.3502604166666667 0.06109022556390977 0.07725694444444445
2 0.8458646616541353 0.2682291666666667 0.09210526315789473 0.0625
2 0.040413533834586464 0.63671875 0.05451127819548872 0.06163194444444445
2 0.07283834586466166 0.55859375 0.08740601503759399 0.06336805555555555
2 0.674812030075188 0.08550347222222222 0.09022556390977443 0.06510416666666667
2 0.5803571428571429 0.2647569444444444 0.08552631578947369 0.07465277777777778
2 0.7631578947368421 0.22265625 0.09210526315789473 0.0842013888888889
2 0.1837406015037594 0.4279513888888889 0.07424812030075188 0.050347222222222224
2 0.2918233082706767 0.4058159722222222 0.07236842105263158 0.0703125
2 0.4323308270676692 0.2508680555555556 0.06390977443609022 0.0763888888888889
2 0.6390977443609023 0.2625868055555556 0.08270676691729323 0.09114583333333333
2 0.06907894736842106 0.4149305555555556 0.07236842105263158 0.036458333333333336
2 0.38110902255639095 0.4027777777777778 0.07424812030075188 0.0642361111111111
2 0.20206766917293234 0.4700520833333333 0.05263157894736842 0.058159722222222224
2 0.21804511278195488 0.3806423611111111 0.07706766917293233 0.08940972222222222
2 0.32377819548872183 0.3155381944444444 0.047932330827067667 0.059895833333333336
2 0.27537593984962405 0.4774305555555556 0.06578947368421052 0.06076388888888889
1 0.668233082706767 0.09418402777777778 0.039473684210526314 0.03732638888888889
1 0.8571428571428571 0.2699652777777778 0.039473684210526314 0.034722222222222224
1 0.8200187969924813 0.3276909722222222 0.03289473684210526 0.03211805555555555
1 0.7354323308270677 0.3003472222222222 0.046052631578947366 0.03125
1 0.4323308270676692 0.2552083333333333 0.039473684210526314 0.034722222222222224
1 0.5084586466165414 0.026909722222222224 0.043233082706766915 0.029513888888888888
1 0.3355263157894737 0.2938368055555556 0.03007518796992481 0.03732638888888889
1 0.37969924812030076 0.3962673611111111 0.039473684210526314 0.03732638888888889
1 0.29699248120300753 0.3958333333333333 0.03383458646616541 0.036458333333333336
0 0.26597744360902253 0.4665798611111111 0.03759398496240601 0.0390625
1 0.19407894736842105 0.4249131944444444 0.03101503759398496 0.026909722222222224
1 0.20441729323308272 0.4552951388888889 0.03289473684210526 0.028645833333333332
0 0.08035714285714286 0.4114583333333333 0.046052631578947366 0.03298611111111111
1 0.044172932330827065 0.6206597222222222 0.03759398496240601 0.036458333333333336
1 0.7467105263157895 0.2183159722222222 0.03665413533834586 0.035590277777777776
1 0.07659774436090226 0.5525173611111112 0.03853383458646616 0.033854166666666664