2 0.06760204081632654 0.6422872340425532 0.09608843537414966 0.08599290780141844
2 0.5051020408163265 0.6777482269503546 0.07312925170068027 0.10372340425531915
2 0.4039115646258503 0.7353723404255319 0.09693877551020408 0.09485815602836879
2 0.4383503401360544 0.9419326241134752 0.08078231292517007 0.08599290780141844
2 0.6347789115646258 0.42686170212765956 0.08078231292517007 0.09840425531914894
2 0.5680272108843537 0.4171099290780142 0.07312925170068027 0.08421985815602837
2 0.4987244897959184 0.5332446808510638 0.08928571428571429 0.07712765957446809
2 0.5578231292517006 0.5709219858156028 0.08503401360544217 0.0673758865248227
2 0.33715986394557823 0.598404255319149 0.070578231292517 0.0797872340425532
2 0.6194727891156463 0.20168439716312056 0.09438775510204081 0.08421985815602837
2 0.7342687074829932 0.05230496453900709 0.1096938775510204 0.0797872340425532
2 0.8231292517006803 0.1427304964539007 0.08163265306122448 0.11879432624113476
2 0.9494047619047619 0.10283687943262411 0.070578231292517 0.13120567375886524
2 0.8962585034013606 0.14583333333333334 0.07653061224489796 0.07890070921985816
2 0.8805272108843537 0.23891843971631205 0.07908163265306123 0.09840425531914894
2 0.6092687074829932 0.32225177304964536 0.0467687074829932 0.07180851063829788
0 0.4306972789115646 0.9233156028368794 0.03486394557823129 0.04698581560283688
1 0.06505102040816327 0.6560283687943262 0.02976190476190476 0.0425531914893617
0 0.41581632653061223 0.7304964539007093 0.04591836734693878 0.03546099290780142
1 0.34523809523809523 0.5975177304964538 0.03741496598639456 0.040780141843971635
1 0.5212585034013606 0.6759751773049646 0.0391156462585034 0.025709219858156027
1 0.546343537414966 0.5545212765957447 0.026360544217687076 0.0398936170212766
1 0.5055272108843537 0.5412234042553191 0.03316326530612245 0.03634751773049645
1 0.6462585034013606 0.44193262411347517 0.034013605442176874 0.03634751773049645
1 0.5684523809523809 0.4233156028368794 0.031462585034013606 0.038120567375886524
0 0.6054421768707483 0.20035460992907803 0.03741496598639456 0.03368794326241135
0 0.8639455782312925 0.20345744680851063 0.04081632653061224 0.038120567375886524
0 0.7287414965986394 0.040336879432624116 0.03571428571428571 0.04521276595744681
0 0.8035714285714286 0.15469858156028368 0.04251700680272109 0.038120567375886524
0 0.8873299319727891 0.12854609929078015 0.036564625850340135 0.0549645390070922
0 0.9651360544217688 0.10460992907801418 0.04081632653061224 0.03723404255319149