2 0.37184391736801836 0.9529616724738676 0.07345065034429993 0.08362369337979095
2 0.6109410864575363 0.19642857142857142 0.06962509563886764 0.06358885017421603
2 0.2704667176740627 0.8545296167247387 0.0772762050497322 0.08188153310104529
2 0.5837796480489671 0.7321428571428571 0.05202754399387911 0.0740418118466899
2 0.8951798010711554 0.429006968641115 0.061208875286916604 0.06881533101045297
2 0.777735271614384 0.12674216027874566 0.0665646518745218 0.08623693379790941
2 0.9743687834736037 0.03832752613240418 0.04973221117061974 0.07491289198606271
2 0.5455241009946442 0.7852787456445993 0.06732976281560826 0.07578397212543554
2 0.6067329762815609 0.7957317073170732 0.06732976281560826 0.07926829268292683
2 0.6262433052792655 0.9721254355400697 0.08186687069625095 0.05400696864111498
2 0.9774292272379494 0.125 0.04361132364192808 0.07752613240418119
1 0.5420811017597552 0.7861498257839721 0.02218821729150727 0.032229965156794424
0 0.3638102524866106 0.9647212543554007 0.029839326702371844 0.028745644599303136
1 0.62203519510329 0.7817944250871081 0.030604437643458302 0.037456445993031356
0 0.5933435348125479 0.7264808362369338 0.03289977046671767 0.02613240418118467
0 0.6224177505738332 0.9817073170731707 0.03289977046671767 0.033101045296167246
1 0.6109410864575363 0.19817073170731708 0.0252486610558531 0.032229965156794424
0 0.7708492731446059 0.13109756097560976 0.020657995409334353 0.03397212543554007