2 0.7990196078431373 0.41217320261437906 0.08496732026143791 0.08905228758169935
2 0.3880718954248366 0.5118464052287581 0.05555555555555555 0.0857843137254902
2 0.32230392156862747 0.5939542483660131 0.059640522875817 0.09313725490196079
2 0.10457516339869281 0.8427287581699346 0.08169934640522876 0.08741830065359477
2 0.5735294117647058 0.04534313725490196 0.08169934640522876 0.0727124183006536
2 0.49836601307189543 0.054330065359477125 0.08333333333333333 0.10049019607843138
2 0.10212418300653595 0.4272875816993464 0.09803921568627451 0.058823529411764705
2 0.068218954248366 0.377859477124183 0.08741830065359477 0.05473856209150327
0 0.08700980392156862 0.8439542483660131 0.03839869281045752 0.027777777777777776
0 0.8035130718954249 0.41380718954248363 0.035130718954248366 0.03676470588235294
1 0.3329248366013072 0.5964052287581699 0.035130718954248366 0.03104575163398693
1 0.4027777777777778 0.5044934640522876 0.026143790849673203 0.028594771241830064
1 0.09844771241830065 0.44281045751633985 0.02696078431372549 0.03104575163398693
1 0.5714869281045751 0.058823529411764705 0.02696078431372549 0.03594771241830065
0 0.48651960784313725 0.05228758169934641 0.049836601307189546 0.03758169934640523
0 0.0857843137254902 0.39624183006535946 0.029411764705882353 0.029411764705882353