2 0.5074303405572755 0.899016393442623 0.0761609907120743 0.057704918032786885
2 0.6857585139318886 0.739344262295082 0.06253869969040247 0.06491803278688525
2 0.5854489164086687 0.7531147540983607 0.07244582043343653 0.07540983606557378
2 0.34860681114551084 0.8540983606557377 0.0718266253869969 0.06754098360655737
2 0.23374613003095976 0.719344262295082 0.06130030959752322 0.06163934426229508
2 0.44643962848297214 0.760655737704918 0.06563467492260062 0.06163934426229508
2 0.5944272445820433 0.8226229508196722 0.07925696594427245 0.05442622950819672
2 0.7068111455108359 0.22819672131147542 0.06253869969040247 0.06950819672131148
2 0.3263157894736842 0.5711475409836065 0.06315789473684211 0.07213114754098361
2 0.4984520123839009 0.4970491803278689 0.0693498452012384 0.06426229508196721
2 0.3380804953560371 0.48950819672131146 0.07058823529411765 0.050491803278688525
2 0.3188854489164087 0.6314754098360655 0.04953560371517028 0.06163934426229508
2 0.6362229102167183 0.3895081967213115 0.057585139318885446 0.07868852459016394
2 0.426625386996904 0.9088524590163934 0.07058823529411765 0.051147540983606556
2 0.596594427244582 0.6819672131147541 0.06130030959752322 0.06950819672131148
2 0.5743034055727554 0.43278688524590164 0.06873065015479876 0.06032786885245902
2 0.586687306501548 0.9790163934426229 0.057585139318885446 0.04065573770491803
2 0.5343653250773994 0.8544262295081967 0.05325077399380805 0.04852459016393443
2 0.26811145510835915 0.6842622950819672 0.06068111455108359 0.06229508196721312
2 0.25541795665634676 0.6301639344262295 0.06253869969040247 0.06295081967213115
2 0.6687306501547987 0.5616393442622951 0.06439628482972136 0.05180327868852459
2 0.22074303405572757 0.8724590163934426 0.05386996904024768 0.04655737704918033
2 0.4386996904024768 0.8442622950819673 0.04891640866873065 0.058360655737704915
2 0.561609907120743 0.2786885245901639 0.03715170278637771 0.06426229508196721
2 0.7873065015479876 0.4101639344262295 0.06130030959752322 0.04786885245901639
2 0.5445820433436532 0.3983606557377049 0.055108359133126936 0.043934426229508196
2 0.4845201238390093 0.980655737704918 0.06873065015479876 0.03344262295081967
2 0.9315789473684211 0.14491803278688525 0.07739938080495357 0.04721311475409836
2 0.5702786377708978 0.600983606557377 0.0346749226006192 0.057049180327868855
2 0.8226006191950465 0.7091803278688524 0.057585139318885446 0.03475409836065574
2 0.4904024767801858 0.7022950819672131 0.03715170278637771 0.05901639344262295
2 0.6012383900928793 0.4281967213114754 0.05201238390092879 0.06295081967213115
2 0.6009287925696595 0.27672131147540985 0.04767801857585139 0.05639344262295082
2 0.7845201238390093 0.20852459016393443 0.043343653250773995 0.06819672131147542
2 0.8204334365325078 0.18491803278688523 0.04829721362229102 0.05245901639344262
2 0.5077399380804953 0.34524590163934427 0.0346749226006192 0.05442622950819672
2 0.3863777089783282 0.5013114754098361 0.05820433436532508 0.058360655737704915
2 0.2238390092879257 0.7695081967213114 0.04272445820433437 0.050491803278688525
2 0.21207430340557276 0.7960655737704918 0.06625386996904024 0.0419672131147541
2 0.19287925696594427 0.9495081967213115 0.04891640866873065 0.05245901639344262
2 0.6458204334365325 0.6111475409836066 0.05325077399380805 0.051147540983606556
2 0.2891640866873065 0.5931147540983607 0.03715170278637771 0.038688524590163934