2 0.3564102564102564 0.11929543634907927 0.14256410256410257 0.07526020816653323
2 0.06974358974358974 0.3835068054443555 0.13538461538461538 0.057646116893514815
2 0.7256410256410256 0.8278622898318655 0.07692307692307693 0.08807045636509207
2 0.6784615384615384 0.910728582866293 0.09948717948717949 0.06965572457966374
2 0.7446153846153846 0.9047237790232185 0.10256410256410256 0.0544435548438751
2 0.7856410256410257 0.27702161729383507 0.09641025641025641 0.07045636509207366
2 0.8661538461538462 0.36389111289031223 0.07897435897435898 0.0600480384307446
2 0.9076923076923077 0.4591673338670937 0.12307692307692308 0.06965572457966374
2 0.20717948717948717 0.39351481184947956 0.10051282051282051 0.08246597277822258
2 0.1712820512820513 0.4099279423538831 0.06769230769230769 0.05284227381905524
2 0.43538461538461537 0.3142514011208967 0.09333333333333334 0.06645316253002402
2 0.7779487179487179 0.32906325060048036 0.1076923076923077 0.0544435548438751
2 0.4035897435897436 0.6977582065652522 0.09538461538461539 0.07285828662930344
2 0.7882051282051282 0.8518815052041633 0.07487179487179488 0.10568454763811048
0 0.06769230769230769 0.36509207365892715 0.05333333333333334 0.03843074459567654
0 0.34974358974358977 0.1389111289031225 0.043076923076923075 0.04723779023218575
0 0.9 0.46036829463570855 0.052307692307692305 0.03843074459567654
0 0.40307692307692305 0.7005604483586869 0.04512820512820513 0.03843074459567654
1 0.7102564102564103 0.8306645316253003 0.052307692307692305 0.03763010408326661
1 0.8056410256410257 0.8578863090472378 0.0441025641025641 0.03282626100880705
1 0.7369230769230769 0.9123298638911129 0.03794871794871795 0.03763010408326661
0 0.6646153846153846 0.9043234587670136 0.041025641025641026 0.03763010408326661
0 0.7784615384615384 0.28823058446757405 0.043076923076923075 0.02722177742193755
2 0.5692307692307692 0.7942353883106485 0.08615384615384615 0.049639711769415534
0 0.5584615384615385 0.7934347477982386 0.035897435897435895 0.02401921537229784
1 0.7974358974358975 0.3166533226581265 0.031794871794871796 0.03122497998398719