2 0.3018995929443691 0.0660287081339713 0.10176390773405698 0.09760765550239234
2 0.6227951153324288 0.14258373205741626 0.11397557666214382 0.12248803827751197
2 0.4314789687924016 0.35023923444976074 0.08955223880597014 0.06315789473684211
2 0.30868385345997285 0.4354066985645933 0.12347354138398914 0.08229665071770335
2 0.3256445047489824 0.47751196172248805 0.10583446404341927 0.06124401913875598
2 0.844640434192673 0.46794258373205744 0.12075983717774763 0.09760765550239234
2 0.7082767978290366 0.4421052631578947 0.11940298507462686 0.08995215311004785
2 0.6173677069199457 0.5052631578947369 0.10312075983717775 0.10334928229665072
2 0.7795115332428765 0.570334928229665 0.1587516960651289 0.06315789473684211
2 0.41926729986431477 0.6411483253588517 0.16824966078697423 0.0861244019138756
2 0.23202170963364993 0.7138755980861244 0.11668928086838534 0.09186602870813397
2 0.14382632293080055 0.8148325358851675 0.11668928086838534 0.09665071770334928
2 0.17503392130257803 0.8842105263157894 0.14382632293080055 0.049760765550239235
0 0.3208955223880597 0.07320574162679426 0.06648575305291723 0.0430622009569378
0 0.6519674355495251 0.1354066985645933 0.07191316146540028 0.05071770334928229
0 0.844640434192673 0.4717703349282297 0.05834464043419267 0.045933014354066985
0 0.6451831750339213 0.5047846889952153 0.05834464043419267 0.03732057416267943
0 0.18046132971506107 0.8818181818181818 0.05698778833107191 0.031578947368421054
0 0.2930800542740841 0.43397129186602873 0.048846675712347354 0.03732057416267943
1 0.43080054274084123 0.654066985645933 0.052917232021709636 0.03923444976076555
1 0.7008141112618724 0.44401913875598087 0.050203527815468114 0.03636363636363636
1 0.2367706919945726 0.7229665071770335 0.05834464043419267 0.04114832535885168
1 0.11533242876526459 0.8143540669856459 0.048846675712347354 0.03827751196172249
1 0.7774762550881954 0.5578947368421052 0.054274084124830396 0.03253588516746411
1 0.30597014925373134 0.48038277511961724 0.05563093622795115 0.03444976076555024