2 0.1871713985278654 0.7720773759461732 0.21240799158780233 0.18671152228763668
2 0.5084121976866456 0.10092514718250631 0.17770767613038907 0.1345668629100084
2 0.8916929547844374 0.18124474348191758 0.19137749737118823 0.09671993271656855
2 0.9111461619348055 0.5664423885618166 0.1608832807570978 0.13877207737594618
2 0.8916929547844374 0.7291841883936081 0.16824395373291273 0.11606391925988226
1 0.5073606729758149 0.095878889823381 0.06203995793901157 0.04878048780487805
1 0.7781282860147214 0.03994953742640875 0.0694006309148265 0.0479394449116905
1 0.8785488958990536 0.16232127838519764 0.06624605678233439 0.05214465937762826
1 0.8669821240799159 0.5483599663582843 0.07045215562565721 0.05550883095037847
1 0.919558359621451 0.7283431455004206 0.07255520504731862 0.05382674516400336
0 0.21503680336487907 0.7439024390243902 0.09779179810725552 0.06812447434819176