2 0.6074342701722575 0.27116212338593976 0.08340888485947416 0.12051649928263988
2 0.10698096101541252 0.5114777618364419 0.07615593834995467 0.15925394548063126
2 0.23934723481414324 0.5667144906743186 0.10154125113327289 0.09182209469153516
2 0.3359020852221215 0.5746054519368723 0.06799637352674524 0.12195121951219512
2 0.2869446962828649 0.38593974175035867 0.09338168631006347 0.11764705882352941
2 0.34950135992747056 0.3615494978479197 0.09338168631006347 0.09469153515064563
2 0.4732547597461469 0.7245337159253945 0.07978241160471441 0.16355810616929697
2 0.9410698096101541 0.8378766140602583 0.06527651858567543 0.1291248206599713
0 0.11604714415231188 0.5100430416068866 0.03626473254759746 0.05021520803443329
0 0.24161378059836808 0.5860832137733142 0.028105167724388033 0.05308464849354376
0 0.3082502266545784 0.41750358680057387 0.02901178603807797 0.0746054519368723
1 0.34315503173164097 0.33715925394548063 0.02629193109700816 0.040172166427546625
0 0.6083408884859474 0.2812051649928264 0.027198549410698096 0.054519368723098996
0 0.34768812330009063 0.5860832137733142 0.04079782411604715 0.047345767575322814
0 0.4614687216681777 0.7223816355810617 0.04170444242973708 0.05595408895265423
1 0.9519492293744334 0.8235294117647058 0.030825022665457842 0.054519368723098996