2 0.11474036850921274 0.8092783505154639 0.152428810720268 0.281786941580756
2 0.2399497487437186 0.4209621993127148 0.15326633165829145 0.2508591065292096
2 0.4242043551088777 0.35652920962199314 0.14321608040201006 0.3075601374570447
2 0.699748743718593 0.09621993127147767 0.16164154103852596 0.18213058419243985
2 0.6796482412060302 0.35137457044673537 0.13149078726968175 0.3075601374570447
2 0.914572864321608 0.3651202749140893 0.135678391959799 0.24570446735395188
2 0.7043551088777219 0.7491408934707904 0.1423785594639866 0.2611683848797251
1 0.1059463986599665 0.8230240549828178 0.04438860971524288 0.09621993127147767
1 0.23576214405360135 0.42010309278350516 0.03936348408710218 0.08419243986254296
1 0.4128978224455611 0.3642611683848797 0.04522613065326633 0.09621993127147767
1 0.678391959798995 0.33676975945017185 0.04355108877721943 0.0859106529209622