2 0.40022935779816515 0.1171602787456446 0.08333333333333333 0.08623693379790941
2 0.507262996941896 0.6402439024390244 0.06651376146788991 0.08362369337979095
2 0.5657492354740061 0.26742160278745647 0.06880733944954129 0.07491289198606271
2 0.1636085626911315 0.2556620209059233 0.07186544342507645 0.0897212543554007
2 0.09824159021406728 0.20121951219512196 0.08792048929663608 0.08885017421602788
2 0.7373853211009175 0.8140243902439024 0.08333333333333333 0.08449477351916376
2 0.06613149847094801 0.26785714285714285 0.07415902140672782 0.08623693379790941
2 0.2679663608562691 0.28353658536585363 0.07110091743119266 0.06707317073170732
1 0.7343272171253823 0.8297038327526133 0.020642201834862386 0.037456445993031356
0 0.5175840978593272 0.6293554006968641 0.0290519877675841 0.046167247386759584
1 0.5638379204892966 0.28222996515679444 0.0191131498470948 0.029616724738675958
1 0.24732415902140673 0.27090592334494773 0.023700305810397553 0.033101045296167246
1 0.39908256880733944 0.11890243902439024 0.02599388379204893 0.03048780487804878
0 0.17660550458715596 0.2452090592334495 0.035168195718654434 0.03571428571428571
1 0.10741590214067279 0.19686411149825783 0.026758409785932722 0.036585365853658534
0 0.08065749235474007 0.27047038327526135 0.03746177370030581 0.032229965156794424