2 0.3133741258741259 0.07074652777777778 0.06905594405594405 0.07899305555555555
2 0.513986013986014 0.06163194444444445 0.06293706293706294 0.07291666666666667
2 0.7618006993006993 0.8315972222222222 0.07080419580419581 0.08333333333333333
2 0.2368881118881119 0.5381944444444444 0.06468531468531469 0.04861111111111111
2 0.17263986013986013 0.4249131944444444 0.08828671328671328 0.0720486111111111
2 0.8658216783216783 0.3849826388888889 0.05856643356643357 0.0546875
2 0.145979020979021 0.3376736111111111 0.07867132867132867 0.0642361111111111
2 0.6997377622377622 0.3146701388888889 0.08129370629370629 0.0703125
2 0.8146853146853147 0.3654513888888889 0.050699300699300696 0.050347222222222224
2 0.798513986013986 0.4600694444444444 0.07954545454545454 0.06597222222222222
2 0.8068181818181818 0.4149305555555556 0.05944055944055944 0.052083333333333336
2 0.854458041958042 0.4279513888888889 0.06031468531468531 0.034722222222222224
1 0.770541958041958 0.8350694444444444 0.04108391608391608 0.03125
1 0.7937062937062938 0.4644097222222222 0.03671328671328671 0.041666666666666664
1 0.8583916083916084 0.3919270833333333 0.03671328671328671 0.028645833333333332
1 0.8658216783216783 0.4262152777777778 0.032342657342657344 0.03298611111111111
1 0.7106643356643356 0.3090277777777778 0.03671328671328671 0.034722222222222224
1 0.2277097902097902 0.5503472222222222 0.028846153846153848 0.03125
1 0.3142482517482518 0.06032986111111111 0.03583916083916084 0.0390625
2 0.47465034965034963 0.10243055555555555 0.07692307692307693 0.06770833333333333
1 0.4781468531468531 0.10286458333333333 0.04020979020979021 0.03732638888888889
1 0.13155594405594406 0.3389756944444444 0.03409090909090909 0.03211805555555555