2 0.5301573426573427 0.1371527777777778 0.08304195804195805 0.08680555555555555
2 0.8850524475524476 0.2808159722222222 0.07255244755244755 0.0546875
2 0.6048951048951049 0.6731770833333334 0.08916083916083917 0.07725694444444445
2 0.9488636363636364 0.58203125 0.08304195804195805 0.05295138888888889
2 0.5174825174825175 0.8793402777777778 0.08916083916083917 0.07291666666666667
2 0.43356643356643354 0.9644097222222222 0.05944055944055944 0.06944444444444445
2 0.3780594405594406 0.9518229166666666 0.0673076923076923 0.06510416666666667
2 0.618006993006993 0.5421006944444444 0.08741258741258741 0.07725694444444445
2 0.4597902097902098 0.6844618055555556 0.07517482517482517 0.08246527777777778
2 0.5065559440559441 0.7625868055555556 0.044580419580419584 0.06684027777777778
2 0.4541083916083916 0.7495659722222222 0.06905594405594405 0.08072916666666667
2 0.5777972027972028 0.8233506944444444 0.06118881118881119 0.08246527777777778
2 0.6975524475524476 0.5503472222222222 0.07692307692307693 0.046875
2 0.6940559440559441 0.4752604166666667 0.08041958041958042 0.06510416666666667
2 0.5721153846153846 0.5677083333333334 0.06905594405594405 0.06076388888888889
2 0.7906468531468531 0.4913194444444444 0.08304195804195805 0.057291666666666664
2 0.7316433566433567 0.4366319444444444 0.07517482517482517 0.052083333333333336
2 0.715034965034965 0.6822916666666666 0.07517482517482517 0.07465277777777778
2 0.6647727272727273 0.5985243055555556 0.0673076923076923 0.05642361111111111
2 0.3946678321678322 0.8598090277777778 0.09353146853146853 0.06336805555555555
2 0.305506993006993 0.9253472222222222 0.08479020979020979 0.08506944444444445
2 0.5502622377622378 0.9184027777777778 0.09353146853146853 0.06597222222222222
2 0.8186188811188811 0.4084201388888889 0.0673076923076923 0.07725694444444445
2 0.6569055944055944 0.6692708333333334 0.051573426573426576 0.0798611111111111
2 0.46853146853146854 0.6263020833333334 0.11713286713286714 0.04079861111111111
2 0.7141608391608392 0.6050347222222222 0.06468531468531469 0.07465277777777778
1 0.30288461538461536 0.9249131944444444 0.04283216783216783 0.04600694444444445
1 0.3811188811188811 0.9635416666666666 0.03146853146853147 0.034722222222222224
0 0.4160839160839161 0.98046875 0.027972027972027972 0.03732638888888889
1 0.541083916083916 0.9266493055555556 0.033216783216783216 0.035590277777777776
1 0.5087412587412588 0.8884548611111112 0.02972027972027972 0.03211805555555555
1 0.5751748251748252 0.8324652777777778 0.03671328671328671 0.03819444444444445
0 0.5118006993006993 0.7730034722222222 0.030594405594405596 0.042534722222222224
1 0.4519230769230769 0.7478298611111112 0.038461538461538464 0.0390625
0 0.44493006993006995 0.6822916666666666 0.04020979020979021 0.036458333333333336
1 0.6022727272727273 0.6875 0.033216783216783216 0.04513888888888889
1 0.6665209790209791 0.5972222222222222 0.04283216783216783 0.03993055555555555
0 0.7032342657342657 0.6731770833333334 0.032342657342657344 0.035590277777777776
1 0.6800699300699301 0.4756944444444444 0.03671328671328671 0.03298611111111111
1 0.6101398601398601 0.53515625 0.03146853146853147 0.03211805555555555
1 0.7880244755244755 0.4878472222222222 0.03409090909090909 0.03125
1 0.7115384615384616 0.4435763888888889 0.03146853146853147 0.027777777777777776
2 0.4982517482517482 0.4396701388888889 0.10314685314685315 0.05295138888888889
1 0.5358391608391608 0.14453125 0.03671328671328671 0.03732638888888889
1 0.8841783216783217 0.2764756944444444 0.030594405594405596 0.0390625
1 0.9291958041958042 0.5954861111111112 0.03496503496503497 0.027777777777777776
2 0.5747377622377622 0.4292534722222222 0.0743006993006993 0.04600694444444445
1 0.5450174825174825 0.4162326388888889 0.03409090909090909 0.030381944444444444
1 0.6971153846153846 0.5611979166666666 0.030594405594405596 0.030381944444444444