2 0.07878245299910475 0.26713197969543145 0.13428827215756492 0.17893401015228427
2 0.6683079677708147 0.16116751269035534 0.135183527305282 0.19796954314720813
2 0.4897045658012534 0.6560913705583756 0.11638316920322292 0.1700507614213198
2 0.5631154879140555 0.7030456852791879 0.10922112802148612 0.1116751269035533
2 0.9221128021486124 0.4651015228426396 0.08594449418084155 0.1713197969543147
2 0.23008057296329454 0.9321065989847716 0.11280214861235452 0.09517766497461928
0 0.6674127126230975 0.1516497461928934 0.06535362578334826 0.07741116751269035
1 0.9306177260519248 0.46573604060913704 0.03849597135183527 0.06598984771573604
1 0.4946284691136974 0.6560913705583756 0.043867502238137866 0.0583756345177665
1 0.5541629364368845 0.6782994923857868 0.03581020590868397 0.05710659898477157
1 0.07072515666965085 0.2836294416243655 0.03939122649955237 0.05964467005076142