2 0.6092342342342343 0.6584201388888888 0.08108108108108109 0.0685763888888889
2 0.6762387387387387 0.6488715277777778 0.057432432432432436 0.03732638888888889
2 0.4971846846846847 0.5325520833333334 0.15427927927927929 0.06684027777777778
2 0.7815315315315315 0.8819444444444444 0.11486486486486487 0.07118055555555555
2 0.5613738738738738 0.7925347222222222 0.10923423423423423 0.0642361111111111
2 0.5411036036036037 0.9665798611111112 0.07545045045045046 0.06510416666666667
2 0.14358108108108109 0.63671875 0.08220720720720721 0.0685763888888889
2 0.7539414414414415 0.8337673611111112 0.11148648648648649 0.06684027777777778
0 0.4971846846846847 0.5134548611111112 0.037162162162162164 0.044270833333333336
1 0.6092342342342343 0.64453125 0.036036036036036036 0.030381944444444444
1 0.6920045045045045 0.6467013888888888 0.03490990990990991 0.029513888888888888
0 0.5596846846846847 0.7829861111111112 0.0472972972972973 0.03993055555555555
1 0.786036036036036 0.87109375 0.033783783783783786 0.028645833333333332
0 0.527027027027027 0.9756944444444444 0.04054054054054054 0.027777777777777776