2 0.7019374068554396 0.11018609206660138 0.13710879284649777 0.089128305582762
2 0.2391952309985097 0.6841332027424094 0.22205663189269748 0.16552399608227228
2 0.43889716840536513 0.7497551420176298 0.2816691505216095 0.15572967678746327
2 0.21907600596125187 0.8550440744368266 0.2414307004470939 0.16454456415279137
2 0.3539493293591654 0.9049951028403526 0.17138599105812222 0.14299706170421156
2 0.6289120715350224 0.9201762977473066 0.28912071535022354 0.15768854064642507
2 0.8479880774962743 0.777179236043095 0.2563338301043219 0.15377081292850148
0 0.7369597615499255 0.12242899118511263 0.05812220566318927 0.06660137120470128
0 0.21684053651266766 0.6831537708129285 0.10283159463487332 0.06562193927522038
1 0.45081967213114754 0.7757100881488737 0.07600596125186289 0.050930460333006855
1 0.856929955290611 0.7938295788442703 0.08941877794336811 0.05778648383937316
0 0.1825633383010432 0.8574926542605289 0.10283159463487332 0.06562193927522038
1 0.3897168405365127 0.8883447600391773 0.07898658718330849 0.058765915768854066
1 0.6140089418777943 0.9084231145935358 0.08345752608047691 0.059745347698334964