2 0.06111603188662533 0.3231753197893153 0.06908768821966342 0.057938299473288185
2 0.48139946855624444 0.345372460496614 0.07174490699734277 0.06772009029345373
2 0.26705048715677593 0.040632054176072234 0.09300265721877768 0.05718585402558315
2 0.062444641275465014 0.08803611738148984 0.08237378210806023 0.0526711813393529
2 0.354295837023915 0.18773513920240784 0.08857395925597875 0.04288939051918736
0 0.487599645704163 0.3344620015048909 0.045172719220549155 0.030850263355906696
1 0.06775907883082374 0.31414597441685477 0.029229406554472984 0.02633559066967645
2 0.25022143489813997 0.5169300225733634 0.08768821966341896 0.07223476297968397
1 0.2546501328609389 0.5199398043641836 0.029229406554472984 0.030097817908201655
1 0.32860938883968116 0.18999247554552295 0.0283436669619132 0.024830699774266364
0 0.06421612046058459 0.07411587659894657 0.03277236492471213 0.035364936042136946
0 0.2652790079716563 0.05342362678705794 0.029229406554472984 0.03310759969902182
2 0.36846767050487156 0.5432656132430399 0.07794508414526129 0.0346124905944319