2 0.29168872419269454 0.36713735558408217 0.07093700370566437 0.0834403080872914
2 0.45314981471678134 0.4685494223363286 0.07305452620434093 0.07188703465982028
2 0.3626257278983589 0.7262516046213093 0.058231868713605084 0.07381258023106547
2 0.4242985706723134 0.7991014120667522 0.06299629433562731 0.06675224646983312
2 0.09820010587612493 0.2917201540436457 0.06193753308628904 0.08921694480102696
2 0.6556379036527263 0.9293966623876765 0.06087877183695077 0.0693196405648267
2 0.252779248279513 0.4688703465982028 0.06299629433562731 0.06611039794608473
2 0.15007940709370038 0.4303594351732991 0.05452620434092112 0.07381258023106547
2 0.08258337744838538 0.3899229781771502 0.06246691371095818 0.06867779204107831
2 0.5389094759131816 0.6322207958921694 0.06670195870831128 0.07060333761232349
2 0.1437268395976707 0.34210526315789475 0.06511381683430387 0.07445442875481387
2 0.029115934356802542 0.3449935815147625 0.05187930121757544 0.07894736842105263
2 0.4232398094229751 0.944801026957638 0.058761249338274216 0.07958921694480103
2 0.04605611434621493 0.4470474967907574 0.046585494970884066 0.07381258023106547
2 0.45685547908946533 0.6232349165596919 0.07728957120169402 0.06803594351732992
2 0.45076760190577025 0.5715661103979461 0.09899417681312864 0.06739409499358151
2 0.4250926416093171 0.8674582798459564 0.056114346214928536 0.06097560975609756
2 0.34806776071995765 0.6816431322207959 0.05346744309158285 0.06033376123234917
2 0.4076230809952356 0.5221437740693197 0.06458443620963472 0.05455712451861361