2 0.1642749244712991 0.5823223570190641 0.08383685800604229 0.06759098786828423
2 0.34705438066465255 0.13474870017331023 0.05211480362537765 0.06672443674176777
2 0.49395770392749244 0.11438474870017332 0.0649546827794562 0.09705372616984402
2 0.3300604229607251 0.07755632582322357 0.05740181268882175 0.05459272097053726
2 0.35536253776435045 0.35528596187175043 0.06570996978851963 0.09358752166377816
2 0.4097432024169184 0.1369150779896014 0.04758308157099698 0.1022530329289428
2 0.7911631419939577 0.255632582322357 0.06419939577039276 0.06759098786828423
2 0.17711480362537765 0.5051993067590987 0.0445619335347432 0.07625649913344887
2 0.5400302114803626 0.8106585788561526 0.09063444108761329 0.0632582322357019
2 0.08836858006042296 0.6442807625649913 0.06797583081570997 0.06672443674176777
2 0.12084592145015106 0.6091854419410745 0.06042296072507553 0.05719237435008666
2 0.31608761329305135 0.45667244367417675 0.06419939577039276 0.06412478336221837
2 0.30777945619335345 0.5186308492201039 0.06722054380664652 0.05979202772963605
2 0.45770392749244715 0.12435008665511266 0.04229607250755287 0.07365684575389948
2 0.2190332326283988 0.511265164644714 0.03625377643504532 0.060658578856152515
2 0.22885196374622357 0.4306759098786828 0.0649546827794562 0.04679376083188908
0 0.5388972809667674 0.8058925476603119 0.024924471299093656 0.038128249566724434
0 0.35876132930513593 0.35268630849220106 0.03323262839879154 0.036395147313691506
1 0.334214501510574 0.09098786828422877 0.023413897280966767 0.03292894280762565