2 0.11809954751131221 0.798465829846583 0.08416289592760182 0.13807531380753138
2 0.3194570135746606 0.6401673640167364 0.07963800904977375 0.17573221757322174
2 0.4755656108597285 0.8828451882845189 0.11855203619909502 0.14783821478382148
2 0.5606334841628959 0.8368200836820083 0.12036199095022625 0.12273361227336123
2 0.8235294117647058 0.8758716875871687 0.09773755656108597 0.15341701534170155
2 0.7303167420814479 0.5467224546722455 0.10316742081447963 0.1394700139470014
2 0.7009049773755656 0.200836820083682 0.10045248868778281 0.1394700139470014
0 0.134841628959276 0.8165969316596932 0.047058823529411764 0.07112970711297072
1 0.3063348416289593 0.6408647140864714 0.04072398190045249 0.06276150627615062
0 0.4828054298642534 0.9211994421199442 0.04796380090497738 0.08228730822873083
1 0.7307692307692307 0.5495118549511855 0.04072398190045249 0.06694560669456066
1 0.7049773755656109 0.20362622036262204 0.04524886877828054 0.07531380753138076
1 0.8266968325791855 0.8821478382147838 0.04072398190045249 0.05718270571827057