2 0.47755281690140844 0.7430406852248393 0.07658450704225352 0.049964311206281226
2 0.5787852112676056 0.4660956459671663 0.09242957746478873 0.06138472519628837
2 0.6298415492957746 0.6670235546038544 0.11003521126760564 0.0649536045681656
2 0.4154929577464789 0.3715203426124197 0.07042253521126761 0.05067808708065667
2 0.10035211267605634 0.2658815132048537 0.08626760563380281 0.06638115631691649
2 0.4779929577464789 0.6887937187723054 0.08098591549295775 0.05852962169878658
2 0.198943661971831 0.4193433261955746 0.07394366197183098 0.05638829407566024
1 0.5774647887323944 0.4614561027837259 0.02640845070422535 0.02926481084939329
1 0.633362676056338 0.6498929336188437 0.029049295774647887 0.03497501784439686
0 0.48327464788732394 0.6723768736616702 0.03345070422535211 0.03140613847251963
1 0.4753521126760563 0.742326909350464 0.02992957746478873 0.022840827980014276
0 0.20202464788732394 0.4143468950749465 0.027288732394366196 0.02926481084939329
1 0.11443661971830986 0.2780157030692363 0.03169014084507042 0.023554603854389723
1 0.43794014084507044 0.38401142041399 0.020246478873239437 0.02569593147751606