2 0.6100605143721634 0.4006938421509107 0.08698940998487141 0.07285342584562012
2 0.6043872919818457 0.32350390286209885 0.09682299546142209 0.0745880312228968
2 0.4962178517397882 0.3803122289679098 0.07413010590015129 0.06851691240242845
2 0.443267776096823 0.3725065047701648 0.048411497730711045 0.07372072853425846
2 0.5034039334341907 0.4670424978317433 0.06127080181543117 0.07372072853425846
2 0.44251134644478063 0.5377276669557676 0.04084720121028744 0.06591500433651344
2 0.4735249621785174 0.18430182133564615 0.06505295007564296 0.08759757155247182
2 0.5582450832072617 0.2883781439722463 0.04236006051437216 0.0598438855160451
2 0.5434947049924357 0.21162185602775369 0.08093797276853253 0.060711188204683436
2 0.596822995461422 0.2471812662619254 0.0529500756429652 0.05897658282740677
0 0.6032526475037822 0.39375542064180397 0.03252647503782148 0.031222896790980052
0 0.600983358547655 0.3334778837814397 0.02798789712556732 0.03902862098872507
0 0.4905446293494705 0.36383347788378145 0.024962178517397883 0.047701647875108416
1 0.47806354009077157 0.18516912402428448 0.024205748865355523 0.026886383347788378
0 0.4527231467473525 0.35732870771899394 0.02798789712556732 0.031222896790980052
0 0.5 0.4527320034692108 0.0226928895612708 0.04163052905464007
1 0.5979576399394856 0.24024284475281873 0.02042360060514372 0.026019080659150044