2 0.32189542483660133 0.8241379310344827 0.13562091503267973 0.10114942528735632
2 0.3598856209150327 0.7281609195402299 0.08088235294117647 0.1367816091954023
2 0.5575980392156863 0.621264367816092 0.0857843137254902 0.12298850574712644
2 0.7973856209150327 0.6591954022988505 0.0718954248366013 0.12758620689655173
2 0.7965686274509803 0.07873563218390804 0.0718954248366013 0.10459770114942529
2 0.5216503267973857 0.5080459770114942 0.07761437908496732 0.08045977011494253
0 0.32802287581699346 0.843103448275862 0.04003267973856209 0.06091954022988506
1 0.3480392156862745 0.7304597701149426 0.03758169934640523 0.054022988505747126
1 0.7826797385620915 0.06494252873563218 0.03594771241830065 0.04942528735632184
1 0.565359477124183 0.6327586206896552 0.03594771241830065 0.054022988505747126
0 0.5236928104575164 0.5160919540229885 0.03758169934640523 0.059770114942528735