2 0.6059390048154093 0.577741935483871 0.06474050294275013 0.06387096774193549
2 0.6856607811663992 0.5151612903225806 0.07116104868913857 0.06903225806451613
2 0.5227394328517924 0.9767741935483871 0.07062600321027288 0.04129032258064516
2 0.6436597110754414 0.6125806451612903 0.06313536650615302 0.08709677419354839
2 0.5783841626538255 0.8090322580645162 0.05778491171749599 0.0567741935483871
2 0.47298020331728197 0.9145161290322581 0.052434456928838954 0.06258064516129032
2 0.6599785981808454 0.8106451612903226 0.057249866238630286 0.11806451612903225
2 0.5494917067950775 0.9261290322580645 0.0449438202247191 0.05870967741935484
2 0.8857677902621723 0.07774193548387097 0.057249866238630286 0.09741935483870967
2 0.7059925093632958 0.6983870967741935 0.04654895666131621 0.052258064516129035
2 0.4700374531835206 0.8583870967741936 0.06367041198501873 0.07548387096774194
2 0.6789727126805778 0.6525806451612903 0.05350454788657036 0.06258064516129032
2 0.6000535045478865 0.6483870967741936 0.08186195826645265 0.04774193548387097
0 0.8737292669876939 0.08419354838709678 0.03103263777421081 0.03806451612903226
0 0.6894060995184591 0.4996774193548387 0.02514713750668807 0.035483870967741936
0 0.5406634563937934 0.9854838709677419 0.030497592295345103 0.027741935483870966
0 0.5585874799357945 0.9158064516129032 0.03210272873194221 0.02903225806451613
0 0.5997859818084538 0.5841935483870968 0.027822364901016586 0.036774193548387096
1 0.6479400749063671 0.6183870967741936 0.024612092027822365 0.02903225806451613