2 0.6934604904632152 0.10719131614654002 0.08174386920980926 0.1383989145183175
2 0.888283378746594 0.2198100407055631 0.11989100817438691 0.11397557666214382
2 0.9346049046321526 0.25237449118046135 0.12806539509536785 0.07598371777476255
2 0.75 0.8168249660786974 0.16212534059945505 0.08955223880597014
2 0.9264305177111717 0.8276797829036635 0.10354223433242507 0.1655359565807327
2 0.8453678474114441 0.7489823609226595 0.08583106267029973 0.10583446404341927
2 0.8841961852861036 0.6858887381275441 0.1335149863760218 0.10990502035278155
0 0.9570844686648501 0.8263229308005428 0.055858310626702996 0.04613297150610583
1 0.944141689373297 0.22455902306648576 0.03814713896457766 0.04206241519674356
1 0.7138964577656676 0.10312075983717775 0.04632152588555858 0.048846675712347354
1 0.7445504087193461 0.8439620081411127 0.039509536784741145 0.04341926729986431
1 0.8903269754768393 0.689280868385346 0.04223433242506812 0.04613297150610583
1 0.8290190735694822 0.7388059701492538 0.04223433242506812 0.04477611940298507