1 0.04824233358264772 0.9140211640211641 0.02318623784592371 0.047619047619047616
0 0.36537023186237844 0.8869047619047619 0.02916978309648467 0.046296296296296294
0 0.49102468212415856 0.10846560846560846 0.02617801047120419 0.04497354497354497
1 0.4820493642483171 0.7414021164021164 0.02169035153328347 0.046296296296296294
1 0.4139865370231862 0.5648148148148148 0.02169035153328347 0.03968253968253968
0 0.6716529543754675 0.46164021164021163 0.025430067314884067 0.05291005291005291
1 0.5373971578160059 0.6805555555555556 0.02169035153328347 0.04365079365079365
1 0.7516828721017202 0.4470899470899471 0.02393418100224383 0.04497354497354497
1 0.8272251308900523 0.3062169312169312 0.02692595362752431 0.051587301587301584
0 0.8649962602842184 0.4107142857142857 0.02468212415856395 0.05952380952380952
1 0.8496634255796559 0.501984126984127 0.02692595362752431 0.04365079365079365
1 0.8971578160059835 0.4880952380952381 0.027673896783844427 0.042328042328042326
0 0.9712041884816754 0.4451058201058201 0.02468212415856395 0.051587301587301584
1 0.5680628272251309 0.13095238095238096 0.02318623784592371 0.03968253968253968
1 0.5942408376963351 0.08333333333333333 0.027673896783844427 0.04497354497354497
1 0.9678384442782348 0.58994708994709 0.01944652206432311 0.042328042328042326
0 0.8496634255796559 0.2447089947089947 0.032909498878085267 0.04497354497354497
2 0.0493642483171279 0.8855820105820106 0.09573672400897532 0.12301587301587301
2 0.36574420344053854 0.8736772486772487 0.07778608825729244 0.1283068783068783
2 0.43081525804038895 0.5615079365079365 0.05385190725504862 0.15476190476190477
2 0.48728496634255797 0.7354497354497355 0.07105459985041136 0.12698412698412698
2 0.5411368735976065 0.6759259259259259 0.06656694091249066 0.10317460317460317
2 0.49401645474943906 0.12037037037037036 0.08601346297681377 0.1164021164021164
2 0.5777860882572925 0.06349206349206349 0.054599850411368736 0.10052910052910052
2 0.5789080029917726 0.1474867724867725 0.07479431563201197 0.09656084656084656
2 0.6675392670157068 0.4444444444444444 0.09349289454001496 0.12169312169312169
2 0.75056095736724 0.4523809523809524 0.06806282722513089 0.12169312169312169
2 0.8133881824981302 0.31746031746031744 0.06656694091249066 0.13756613756613756
2 0.868362004487659 0.24735449735449735 0.08975317875841436 0.09788359788359788
2 0.8661181750186986 0.3776455026455027 0.11069558713537771 0.11243386243386243
2 0.8459237097980553 0.49272486772486773 0.07479431563201197 0.13095238095238096
2 0.8971578160059835 0.4755291005291005 0.09199700822737472 0.11243386243386243
2 0.9581151832460733 0.4437830687830688 0.05833956619296934 0.17063492063492064
2 0.9670905011219147 0.5661375661375662 0.04487658937920718 0.09788359788359788
2 0.15108451757666416 0.8657407407407407 0.06581899775617053 0.09656084656084656