2 0.2766025641025641 0.7308539944903581 0.07884615384615384 0.06446280991735537
2 0.18173076923076922 0.7707988980716254 0.06987179487179487 0.0815426997245179
2 0.07467948717948718 0.8101928374655647 0.0673076923076923 0.08099173553719008
2 0.40352564102564104 0.7360881542699724 0.06217948717948718 0.045179063360881545
2 0.9496794871794871 0.1884297520661157 0.06602564102564103 0.05289256198347107
2 0.5054487179487179 0.7077134986225895 0.07115384615384615 0.050137741046831955
2 0.23141025641025642 0.7162534435261708 0.05512820512820513 0.08264462809917356
2 0.9022435897435898 0.34655647382920113 0.058333333333333334 0.06170798898071626
2 0.9560897435897436 0.1487603305785124 0.07628205128205129 0.06170798898071626
2 0.9637820512820513 0.1115702479338843 0.07115384615384615 0.050137741046831955
2 0.02980769230769231 0.5066115702479339 0.05064102564102564 0.05674931129476584
2 0.20448717948717948 0.37575757575757573 0.07179487179487179 0.05950413223140496