2 0.3257261410788382 0.5648148148148148 0.0995850622406639 0.11904761904761904
2 0.8298755186721992 0.06349206349206349 0.0995850622406639 0.08465608465608465
2 0.7391078838174274 0.20767195767195767 0.10477178423236515 0.07936507936507936
2 0.7494813278008299 0.294973544973545 0.05912863070539419 0.10846560846560846
2 0.691908713692946 0.2612433862433862 0.07053941908713693 0.09126984126984126
2 0.7131742738589212 0.7003968253968254 0.07572614107883817 0.05423280423280423
0 0.3236514522821577 0.5601851851851852 0.04149377593360996 0.04894179894179894
1 0.7629668049792531 0.28835978835978837 0.04045643153526971 0.05291005291005291
0 0.7074688796680498 0.2777777777777778 0.035269709543568464 0.05555555555555555
0 0.7385892116182573 0.18452380952380953 0.035269709543568464 0.05423280423280423
0 0.8272821576763485 0.04431216931216931 0.03008298755186722 0.051587301587301584