2 0.3549731983323407 0.3842412451361868 0.07980941036331149 0.07717250324254216
2 0.5369267421083979 0.6634241245136187 0.1125670041691483 0.07133592736705577
2 0.7802263251935676 0.11154345006485085 0.06908874329958309 0.07911802853437094
2 0.3689696247766528 0.6316472114137484 0.05658129839189994 0.05966277561608301
2 0.16527695056581299 0.8803501945525292 0.05658129839189994 0.07068741893644617
2 0.29005360333531865 0.9695201037613489 0.07266229898749256 0.05966277561608301
2 0.36658725431804645 0.89526588845655 0.06134603930911257 0.09533073929961089
2 0.4803454437164979 0.48151750972762647 0.06253722453841572 0.06420233463035019
2 0.4776652769505658 0.4276913099870298 0.0547945205479452 0.061608300907911806
2 0.717391304347826 0.14850843060959792 0.057772483621203095 0.08690012970168612
2 0.31089934484812387 0.9147211413748378 0.06551518761167362 0.05252918287937743
2 0.42733770101250745 0.5654993514915694 0.048243001786777845 0.0648508430609598
2 0.28945801072066707 0.8712710765239948 0.07385348421679572 0.03437094682230869
0 0.5300774270399047 0.6475356679636836 0.02858844550327576 0.03696498054474708
0 0.35556879094699223 0.9072632944228275 0.0357355568790947 0.0311284046692607
1 0.16081000595592615 0.8657587548638133 0.02501488981536629 0.027237354085603113
1 0.302263251935676 0.9892996108949417 0.02799285288862418 0.020103761348897537
1 0.48957712924359736 0.4808690012970169 0.023823704586063133 0.021400778210116732
0 0.46217986896962476 0.438715953307393 0.034544371649791544 0.02529182879377432
0 0.3579511614055986 0.39364461738002593 0.029779630732578916 0.040207522697795074
0 0.7281119714115545 0.1511024643320363 0.03633114949374628 0.029831387808041506
1 0.789458010720667 0.1251621271076524 0.024419297200714712 0.02594033722438392