2 0.04852941176470588 0.9194174757281554 0.06764705882352941 0.1262135922330097
2 0.09963235294117648 0.9281553398058252 0.05955882352941176 0.1262135922330097
2 0.49963235294117647 0.9296116504854369 0.06838235294117648 0.11941747572815534
2 0.4511029411764706 0.6548543689320389 0.05514705882352941 0.07281553398058252
2 0.5610294117647059 0.75 0.07058823529411765 0.1
2 0.6669117647058823 0.7368932038834951 0.07058823529411765 0.0970873786407767
2 0.5529411764705883 0.3024271844660194 0.06764705882352941 0.08446601941747572
2 0.5897058823529412 0.3932038834951456 0.06323529411764706 0.11844660194174757
2 0.6371323529411764 0.4393203883495146 0.06102941176470588 0.10582524271844661
2 0.6834558823529412 0.49902912621359224 0.06691176470588235 0.1203883495145631
2 0.7702205882352942 0.3155339805825243 0.10220588235294117 0.08349514563106795
2 0.7988970588235295 0.20339805825242718 0.06102941176470588 0.09805825242718447
2 0.7110294117647059 0.7771844660194175 0.06470588235294118 0.08446601941747572
2 0.6305147058823529 0.8660194174757282 0.05955882352941176 0.08932038834951456
2 0.5977941176470588 0.8883495145631068 0.06323529411764706 0.1087378640776699
2 0.9345588235294118 0.08009708737864078 0.075 0.07475728155339806
2 0.8834558823529411 0.23058252427184467 0.10073529411764706 0.09805825242718447
2 0.9003676470588236 0.13495145631067962 0.07573529411764705 0.08737864077669903
2 0.8628676470588236 0.05 0.08014705882352942 0.08058252427184466
2 0.5955882352941176 0.6519417475728155 0.060294117647058824 0.09223300970873786
2 0.5514705882352942 0.6898058252427185 0.057352941176470586 0.04563106796116505
2 0.524264705882353 0.5660194174757281 0.06323529411764706 0.09902912621359224
2 0.4919117647058823 0.5864077669902913 0.06323529411764706 0.10679611650485436
2 0.5511029411764706 0.9019417475728155 0.05073529411764706 0.05825242718446602
2 0.27095588235294116 0.8509708737864078 0.06397058823529411 0.12330097087378641
2 0.705514705882353 0.08106796116504854 0.07573529411764705 0.12524271844660195
2 0.7610294117647058 0.6155339805825243 0.05 0.040776699029126215
2 0.7875 0.6368932038834951 0.058823529411764705 0.1203883495145631
2 0.7966911764705882 0.25339805825242717 0.05661764705882353 0.05242718446601942
2 0.38419117647058826 0.6131067961165049 0.09044117647058823 0.07281553398058252
2 0.51875 0.3699029126213592 0.07279411764705883 0.08349514563106795
2 0.6172794117647059 0.29563106796116506 0.06102941176470588 0.06893203883495146
2 0.7386029411764706 0.14951456310679612 0.07573529411764705 0.05436893203883495
1 0.017279411764705883 0.7504854368932039 0.030147058823529412 0.03300970873786408
0 0.11066176470588235 0.9325242718446602 0.0375 0.043689320388349516
1 0.2827205882352941 0.8504854368932039 0.03161764705882353 0.040776699029126215
0 0.4919117647058823 0.9281553398058252 0.04264705882352941 0.04854368932038835
0 0.5882352941176471 0.879126213592233 0.03676470588235294 0.04174757281553398
0 0.6191176470588236 0.8538834951456311 0.03676470588235294 0.037864077669902914
0 0.7095588235294118 0.7728155339805826 0.03676470588235294 0.04466019417475728
2 0.6643382352941176 0.8067961165048544 0.03455882352941177 0.06601941747572816
0 0.6698529411764705 0.8237864077669903 0.022058823529411766 0.04563106796116505
1 0.6643382352941176 0.7305825242718447 0.03455882352941177 0.043689320388349516
0 0.5731617647058823 0.7402912621359223 0.03602941176470588 0.04174757281553398
0 0.5761029411764705 0.6519417475728155 0.030147058823529412 0.04563106796116505
0 0.5397058823529411 0.6898058252427185 0.03235294117647059 0.03203883495145631
1 0.3863970588235294 0.6266990291262136 0.027205882352941177 0.04174757281553398
0 0.7761029411764706 0.6233009708737864 0.03308823529411765 0.03495145631067961
2 0.54375 0.6393203883495145 0.04044117647058824 0.043689320388349516
0 0.513235294117647 0.5752427184466019 0.03823529411764706 0.037864077669902914
0 0.6716911764705882 0.5009708737864078 0.03897058823529412 0.03495145631067961
0 0.6477941176470589 0.4286407766990291 0.03529411764705882 0.04174757281553398
0 0.5768382352941176 0.3932038834951456 0.04191176470588235 0.040776699029126215
1 0.5522058823529412 0.2922330097087379 0.030882352941176472 0.05048543689320388
1 0.524264705882353 0.3650485436893204 0.03823529411764706 0.040776699029126215
1 0.7669117647058824 0.30145631067961165 0.03676470588235294 0.04951456310679612
1 0.7863970588235294 0.24174757281553397 0.03161764705882353 0.03495145631067961
0 0.78125 0.21019417475728155 0.0375 0.03398058252427184
0 0.8772058823529412 0.20728155339805826 0.03676470588235294 0.05533980582524272
0 0.7356617647058824 0.14029126213592233 0.028676470588235293 0.039805825242718446
0 0.7209558823529412 0.07766990291262135 0.04044117647058824 0.04271844660194175
0 0.9 0.1383495145631068 0.033823529411764704 0.04563106796116505
0 0.9375 0.06844660194174758 0.026470588235294117 0.05533980582524272
0 0.03713235294117647 0.9155339805825242 0.03602941176470588 0.036893203883495145
1 0.4724264705882353 0.6854368932038835 0.025735294117647058 0.036893203883495145
1 0.8591911764705882 0.04854368932038835 0.028676470588235293 0.038834951456310676