2 0.2202323330106486 0.058676028084252756 0.08809293320425944 0.11534603811434303
2 0.8736689254598258 0.8851554663991976 0.09196515004840271 0.12337011033099297
2 0.28896418199419166 0.5361083249749248 0.09970958373668926 0.07522567703109329
2 0.17231364956437561 0.5872617853560682 0.12003872216844143 0.09729187562688064
2 0.04888673765730881 0.2337011033099298 0.09390125847047434 0.07622868605817452
2 0.04695062923523717 0.13390170511534605 0.08615682478218781 0.07522567703109329
2 0.045982575024201354 0.06920762286860582 0.07647628267182963 0.08224674022066199
2 0.4380445304937077 0.34252758274824474 0.10164569215876089 0.09729187562688064
2 0.33978702807357214 0.2938816449348044 0.09486931268151017 0.06820461384152457
2 0.5251694094869312 0.413741223671013 0.07454017424975799 0.09327983951855567
2 0.5513068731848983 0.3049147442326981 0.08615682478218781 0.08826479438314945
2 0.5130687318489835 0.20561685055165496 0.08906098741529525 0.07422266800401203
2 0.4888673765730881 0.10882647943831494 0.0909970958373669 0.06720160481444333
2 0.2149080348499516 0.6825476429287863 0.08518877057115198 0.07723169508525576
2 0.1829622458857696 0.6178535606820461 0.06582768635043562 0.04212637913741224
2 0.08180058083252661 0.4267803410230692 0.08615682478218781 0.11534603811434303
2 0.5696999031945789 0.1810431293881645 0.07647628267182963 0.10330992978936811
2 0.44482090997095836 0.4182547642928786 0.06679574056147145 0.08625877632898696
0 0.22507260406582769 0.6730190571715146 0.051306873184898356 0.03610832497492478
0 0.16505324298160698 0.5842527582748245 0.04356243949661181 0.04312938816449348
2 0.7691190706679574 0.49949849548645936 0.08228460793804453 0.08826479438314945
0 0.7710551790900291 0.5005015045135406 0.04549854791868345 0.04613841524573721
1 0.28654404646660214 0.5471414242728184 0.036786060019361085 0.037111334002006016
0 0.5058083252662149 0.413741223671013 0.041626331074540175 0.04312938816449348
0 0.43998063891577927 0.33901705115346037 0.04356243949661181 0.048144433299899696
0 0.33591481122942884 0.3069207622868606 0.04065827686350436 0.04613841524573721
0 0.07792836398838335 0.43430290872617855 0.04356243949661181 0.048144433299899696
1 0.5590513068731849 0.3074222668004012 0.03969022265246854 0.041123370110330994
0 0.4791868344627299 0.10381143430290872 0.03872216844143272 0.041123370110330994
0 0.04017424975798645 0.22316950852557674 0.03969022265246854 0.05717151454363089
0 0.2362052274927396 0.062186559679037114 0.05227492739593417 0.04212637913741224
0 0.04695062923523717 0.0687061183550652 0.03581800580832527 0.04312938816449348
0 0.01984511132623427 0.11985957873620863 0.0377541142303969 0.04714142427281846
2 0.8780251694094869 0.6449348044132397 0.061955469506292354 0.08625877632898696
0 0.872216844143272 0.652457372116349 0.04259438528557599 0.037111334002006016
0 0.8707647628267183 0.8886659979939819 0.03969022265246854 0.04012036108324975