2 0.47429078014184395 0.35365853658536583 0.12411347517730496 0.07665505226480836
2 0.874113475177305 0.14590592334494773 0.09929078014184398 0.07926829268292683
2 0.9437056737588653 0.3384146341463415 0.08244680851063829 0.09146341463414634
2 0.5691489361702128 0.6833623693379791 0.11524822695035461 0.06881533101045297
2 0.7898936170212766 0.5966898954703833 0.07801418439716312 0.08188153310104529
2 0.7513297872340425 0.44076655052264807 0.07712765957446809 0.08188153310104529
2 0.4973404255319149 0.7569686411149826 0.10106382978723404 0.08536585365853659
2 0.5305851063829787 0.8523519163763066 0.06826241134751773 0.05662020905923345
2 0.05540780141843971 0.945993031358885 0.08244680851063829 0.078397212543554
2 0.4791666666666667 0.8954703832752613 0.10904255319148937 0.06620209059233449
2 0.4583333333333333 0.6162891986062717 0.0726950354609929 0.06010452961672474
1 0.48271276595744683 0.8815331010452961 0.03280141843971631 0.04355400696864112
1 0.5390070921985816 0.8527874564459931 0.03723404255319149 0.0313588850174216
0 0.49689716312056736 0.7613240418118467 0.041666666666666664 0.04006968641114982
1 0.5669326241134752 0.7007839721254355 0.03102836879432624 0.040940766550522645
1 0.4698581560283688 0.6284843205574913 0.030141843971631204 0.03571428571428571
1 0.7894503546099291 0.5988675958188153 0.041666666666666664 0.039198606271777
1 0.7486702127659575 0.45165505226480834 0.03634751773049645 0.03571428571428571
1 0.9423758865248227 0.3375435540069686 0.03900709219858156 0.03571428571428571
1 0.4800531914893617 0.36585365853658536 0.038120567375886524 0.03832752613240418
1 0.8718971631205674 0.13371080139372823 0.03634751773049645 0.046167247386759584
2 0.6320921985815603 0.580574912891986 0.0851063829787234 0.06184668989547038
0 0.6201241134751773 0.5862369337979094 0.04521276595744681 0.03832752613240418
2 0.87677304964539 0.43118466898954705 0.07092198581560284 0.09407665505226481
0 0.8896276595744681 0.44076655052264807 0.041666666666666664 0.04355400696864112
2 0.2703900709219858 0.9455574912891986 0.08156028368794327 0.08797909407665505
1 0.26595744680851063 0.9394599303135889 0.03368794326241135 0.039198606271777
2 0.4800531914893617 0.5091463414634146 0.07535460992907801 0.07926829268292683