2 0.5887040887040887 0.35126799177518847 0.058905058905058906 0.05962988348183688
2 0.6718641718641719 0.2553118574366004 0.06999306999306999 0.06374228923920494
2 0.3575883575883576 0.16758053461274847 0.07207207207207207 0.05962988348183688
2 0.2661122661122661 0.3307059629883482 0.05405405405405406 0.06100068540095956
2 0.852044352044352 0.2738176833447567 0.04227304227304227 0.04866346812885538
2 0.5762300762300763 0.5870459218642906 0.061677061677061676 0.06374228923920494
2 0.3361053361053361 0.25257025359835505 0.06791406791406791 0.06648389307745031
2 0.9618849618849619 0.40575736806031526 0.07068607068607069 0.06991089787525702
2 0.8562023562023562 0.7501713502398903 0.05197505197505198 0.06511309115832763
2 0.7567567567567568 0.37594242631939684 0.05544005544005544 0.05414667580534613
2 0.2983367983367983 0.0702535983550377 0.06722106722106722 0.06237148732008225
2 0.7796257796257796 0.7467443454420836 0.0595980595980596 0.06374228923920494
2 0.7772002772002772 0.27758738862234406 0.06722106722106722 0.061686086360520906
2 0.7331947331947332 0.2604523646333105 0.05544005544005544 0.05894448252227553
2 0.5200970200970201 0.6144619602467444 0.04781704781704782 0.06237148732008225
2 0.729036729036729 0.7083618917066484 0.037422037422037424 0.05414667580534613
2 0.3031878031878032 0.4383139136394791 0.061677061677061676 0.0568882796435915
2 0.22834372834372835 0.3313913639479095 0.05058905058905059 0.05277587388622344
2 0.5512820512820513 0.3995887594242632 0.05474705474705475 0.08087731322823852
2 0.5751905751905751 0.6542152159013023 0.04158004158004158 0.0568882796435915
2 0.18433818433818433 0.21350239890335845 0.04435204435204435 0.058259081562714185
2 0.387040887040887 0.32625085675119947 0.060291060291060294 0.07128169979437972
2 0.7137907137907138 0.660726525017135 0.0595980595980596 0.047978067169294036
2 0.533957033957034 0.5010281014393421 0.05474705474705475 0.05620287868403016
2 0.4681219681219681 0.46264564770390676 0.05751905751905752 0.0520904729266621
2 0.8478863478863479 0.3594928032899246 0.05474705474705475 0.04043865661411926
2 0.8257103257103258 0.31905414667580534 0.058905058905058906 0.05414667580534613
2 0.7865557865557865 0.4818368745716244 0.0693000693000693 0.06579849211788896
2 0.8783783783783784 0.570938999314599 0.038115038115038115 0.04249485949280329
2 0.8908523908523909 0.6148046607265251 0.05474705474705475 0.05894448252227553
2 0.9722799722799723 0.77039067854695 0.05405405405405406 0.06579849211788896
2 0.6074151074151074 0.6854009595613434 0.04781704781704782 0.05757368060315284
2 0.39778239778239777 0.5462645647703906 0.038808038808038806 0.061686086360520906
2 0.4182259182259182 0.5616860863605209 0.04227304227304227 0.06374228923920494
2 0.4840609840609841 0.5623714873200822 0.056133056133056136 0.06648389307745031
2 0.46916146916146917 0.4235777930089102 0.05128205128205128 0.04249485949280329
2 0.2765072765072765 0.38793694311172033 0.0693000693000693 0.06031528444139822
2 0.31566181566181567 0.3814256339958876 0.058905058905058906 0.058259081562714185
2 0.2959112959112959 0.4177518848526388 0.058212058212058215 0.03906785469499657
2 0.27234927234927236 0.019876627827278958 0.09286209286209286 0.03838245373543523
2 0.49861399861399863 0.03187114461960247 0.04781704781704782 0.06237148732008225
2 0.42065142065142064 0.19054146675805347 0.05682605682605683 0.03564084989718986
2 0.4365904365904366 0.1065798492117889 0.04712404712404712 0.05414667580534613
2 0.5103950103950103 0.6422206991089787 0.040887040887040885 0.039753255654557916
2 0.20166320166320167 0.2446881425633996 0.038808038808038806 0.047978067169294036
2 0.8988218988218988 0.4023303632625086 0.04712404712404712 0.039753255654557916
2 0.8905058905058905 0.4259766963673749 0.026334026334026334 0.0363262508567512
2 0.7099792099792099 0.7159013022618231 0.03257103257103257 0.050034270047978065