2 0.3948824343015214 0.5832735104091888 0.07053941908713693 0.07250538406317301
2 0.19294605809128632 0.5764536970567121 0.059474412171507604 0.03445800430725054
2 0.39799446749654216 0.1191672648959081 0.06293222683264177 0.07753050969131371
2 0.5107192254495159 0.5010768126346016 0.05186721991701245 0.08183776022972003
2 0.5546334716459198 0.4160086145010768 0.07883817427385892 0.06389088298636038
2 0.1950207468879668 0.7408470926058865 0.07330567081604426 0.06317300789662599
2 0.6535269709543569 0.29827709978463746 0.07468879668049792 0.0681981335247667
2 0.25622406639004147 0.38621679827709976 0.0656984785615491 0.0674802584350323
2 0.10926694329183956 0.48205312275664036 0.0636237897648686 0.06676238334529792
2 0.26832641770401106 0.667264895908112 0.04564315352697095 0.0624551328068916
2 0.43499308437067774 0.32340272792534097 0.09405255878284924 0.0524048815506102
2 0.47441217150760717 0.18090452261306533 0.07053941908713693 0.06173725771715721
2 0.33160442600276624 0.4264178033022254 0.07123098201936376 0.06030150753768844
2 0.7126556016597511 0.38944723618090454 0.06154910096818811 0.06389088298636038
2 0.5729598893499308 0.3492462311557789 0.06708160442600276 0.06389088298636038
2 0.6168741355463347 0.24300071787508973 0.059474412171507604 0.061019382627422826
2 0.2970262793914246 0.6916726489590811 0.058782849239280774 0.0681981335247667
2 0.06846473029045644 0.5649676956209619 0.056708160442600276 0.05599425699928212
2 0.16874135546334718 0.42426417803302224 0.05532503457814661 0.05168700646087581
2 0.7538035961272476 0.1769562096195262 0.04564315352697095 0.061019382627422826
2 0.045988934993084374 0.5014357501794687 0.043568464730290454 0.06532663316582915
2 0.4827109266943292 0.6069633883704235 0.0636237897648686 0.0624551328068916
2 0.6438450899031812 0.20208183776022973 0.059474412171507604 0.05384063173007897
2 0.6798063623789765 0.09727207465900933 0.06224066390041494 0.0681981335247667
2 0.4858229598893499 0.28499641062455133 0.043568464730290454 0.054558506819813356
2 0.07365145228215768 0.7498205312275664 0.05463347164591978 0.05958363244795405
2 0.21334716459197786 0.34242641780330224 0.058782849239280774 0.054558506819813356
2 0.3852005532503458 0.44041636755204594 0.04979253112033195 0.07537688442211055
2 0.5283540802213001 0.3018664752333094 0.051175656984785614 0.050969131371141424
2 0.2641770401106501 0.4490308686288586 0.051175656984785614 0.05671213208901651
2 0.5480636237897649 0.6202440775305097 0.05739972337482711 0.05886575735821967
2 0.24515905947441216 0.49784637473079685 0.06431535269709543 0.061019382627422826
2 0.5024204702627939 0.36109117013639624 0.0698478561549101 0.054558506819813356
2 0.4581604426002766 0.4059583632447954 0.058782849239280774 0.05527638190954774
2 0.36134163208852005 0.28248384781048097 0.04910096818810512 0.05814788226848528
2 0.5919778699861687 0.3065326633165829 0.051175656984785614 0.057430007178750894
2 0.30567081604426005 0.592964824120603 0.05532503457814661 0.05025125628140704
2 0.25622406639004147 0.62275664034458 0.06016597510373444 0.05671213208901651
2 0.165283540802213 0.6033740129217516 0.058091286307053944 0.04235463029432879
2 0.0677731673582296 0.7103374012921752 0.0636237897648686 0.050969131371141424
2 0.02627939142461964 0.6202440775305097 0.048409405255878286 0.04450825556353195
2 0.3035961272475795 0.48600143575017946 0.04426002766251729 0.04737975592246949
2 0.33160442600276624 0.3334529791816224 0.06154910096818811 0.0366116295764537
2 0.10822959889349931 0.39770279971284994 0.04771784232365145 0.054558506819813356
2 0.0677731673582296 0.41421392677674085 0.06500691562932227 0.05886575735821967
2 0.4339557399723375 0.08040201005025126 0.06016597510373444 0.04450825556353195
2 0.5086445366528354 0.02404881550610194 0.035269709543568464 0.040918880114860015
2 0.5408022130013831 0.02799712849964106 0.040110650069156296 0.04737975592246949
2 0.5594744121715076 0.1457286432160804 0.048409405255878286 0.05599425699928212
2 0.6106500691562933 0.14034458004307251 0.05394190871369295 0.05527638190954774
2 0.580567081604426 0.10337401292175162 0.056016597510373446 0.05886575735821967
2 0.411134163208852 0.1920315865039483 0.04910096818810512 0.05527638190954774
2 0.5235131396957123 0.2447954055994257 0.05532503457814661 0.03732950466618808
2 0.4678423236514523 0.2347451543431443 0.05739972337482711 0.05312275664034458
2 0.30186721991701243 0.3679109834888729 0.05186721991701245 0.040918880114860015
2 0.38589211618257263 0.27961234745154345 0.042876901798063624 0.050969131371141424
2 0.17289073305670816 0.4020100502512563 0.0636237897648686 0.03158650394831299
2 0.09370677731673582 0.5595836324479541 0.04080221300138313 0.05814788226848528
2 0.14695712309820194 0.6360373295046662 0.05463347164591978 0.03732950466618808
2 0.45885200553250344 0.4562096195262024 0.04771784232365145 0.0524048815506102
2 0.38450899031811897 0.5129217516152189 0.0636237897648686 0.04953338119167265
2 0.20055325034578148 0.5344580043072505 0.04979253112033195 0.050969131371141424