2 0.6408026755852843 0.7138690861957226 0.07892976588628763 0.07193778353856124
2 0.44013377926421404 0.6675307841866494 0.07625418060200669 0.07647440051847051
2 0.4277591973244147 0.32112767336357745 0.07692307692307693 0.06934543097861309
2 0.6889632107023411 0.3561244329228775 0.09899665551839465 0.07064160725858717
2 0.7260869565217392 0.48639014906027217 0.06488294314381271 0.06804925469863901
2 0.45585284280936456 0.24432922877511343 0.08494983277591973 0.06221646143875567
2 0.4688963210702341 0.4666234607906675 0.06956521739130435 0.0712896953985742
2 0.33344481605351173 0.23266364225534672 0.06889632107023412 0.0609202851587816
2 0.31906354515050167 0.13933895009721323 0.07357859531772576 0.06740116655865197
2 0.7043478260869566 0.8165910563836681 0.046822742474916385 0.0492546986390149
2 0.557190635451505 0.7631237848347375 0.07357859531772576 0.06545690213869086
2 0.2682274247491639 0.14906027219701878 0.07224080267558529 0.06740116655865197
2 0.9789297658862877 0.6331821127673364 0.04080267558528428 0.0712896953985742
2 0.30501672240802674 0.44523655217109526 0.06555183946488294 0.050550874918988985
2 0.16488294314381272 0.15651328580686974 0.05819397993311037 0.060272197018794556
2 0.3147157190635452 0.5035644847699287 0.08361204013377926 0.06221646143875567
2 0.9652173913043478 0.8392741412832145 0.05618729096989967 0.09462086843810759
2 0.22876254180602007 0.39727802981205446 0.046822742474916385 0.059624108878807515
2 0.3652173913043478 0.6043421905379132 0.06287625418060201 0.06675307841866494
2 0.17190635451505018 0.11049902786779002 0.048160535117056855 0.06156837329876863
2 0.282943143812709 0.24044069993519118 0.06153846153846154 0.06869734283862605
2 0.19230769230769232 0.028191834089436162 0.07692307692307693 0.047310434219053794
2 0.7240802675585284 0.37848347375243035 0.056856187290969896 0.06480881399870382
2 0.27391304347826084 0.4698639014906027 0.05551839464882943 0.0661049902786779
2 0.2698996655518395 0.4202851587815943 0.044816053511705686 0.04471808165910564
2 0.622742474916388 0.7887232663642255 0.07491638795986622 0.059624108878807515
2 0.8725752508361204 0.8833441348023331 0.06889632107023412 0.05443940375891121
2 0.7668896321070234 0.8554763447828905 0.06488294314381271 0.0492546986390149
2 0.22608695652173913 0.32534024627349317 0.06956521739130435 0.050550874918988985
2 0.8120401337792642 0.8752430330524952 0.0588628762541806 0.04860661049902787
2 0.7003344481605351 0.024951393389500972 0.05217391304347826 0.04601425793907971
2 0.5588628762541806 0.21257290991574854 0.05551839464882943 0.08684381075826313
2 0.5545150501672241 0.25891121192482175 0.07224080267558529 0.06156837329876863
2 0.5100334448160535 0.26344782890473106 0.06755852842809365 0.05897602073882048
2 0.17993311036789297 0.2064160725858717 0.07491638795986622 0.04342190537913156
2 0.19063545150501673 0.26247569669475046 0.07224080267558529 0.033700583279325985
2 0.18729096989966554 0.29909267660401817 0.06153846153846154 0.05897602073882048
2 0.20635451505016722 0.3590408295528192 0.05819397993311037 0.05184705119896306
2 0.3110367892976589 0.5554115359688918 0.06020066889632107 0.0609202851587816
2 0.36387959866220737 0.5537913156189241 0.06688963210702341 0.05119896305897602
2 0.5916387959866221 0.7692806221646143 0.046153846153846156 0.057031756318859365
2 0.920066889632107 0.8950097213220998 0.05284280936454849 0.06221646143875567
2 0.9735785953177257 0.9047310434219054 0.05150501672240803 0.037589112119248216
2 0.9866220735785953 0.5651328580686974 0.025418060200668897 0.06480881399870382
2 0.9404682274247491 0.6458198314970836 0.0548494983277592 0.04212572909915749
2 0.19665551839464884 0.052819183408943614 0.07090301003344482 0.0304601425793908
2 0.14949832775919733 0.04439403758911212 0.06220735785953177 0.057679844458846406
2 0.142809364548495 0.10693454309786131 0.03812709030100334 0.059624108878807515
2 0.20535117056856186 0.1743357096565133 0.04414715719063545 0.04277381723914452