2 0.89407598197038 0.08191126279863481 0.07018673535093367 0.08776206728425158
2 0.1056020605280103 0.8371526084836665 0.06567933032839665 0.056557776694295465
2 0.5811332904056664 0.021696733300828865 0.037990985189954925 0.040468064358849344
2 0.5917578879587895 0.19722086786933204 0.07598197037990985 0.07069722086786934
2 0.5228589826142949 0.031204290589956118 0.06825499034127495 0.05460750853242321
2 0.6336123631680618 0.7389078498293515 0.0746941403734707 0.05802047781569966
2 0.4851899549259498 0.8132618235007314 0.06374758531873792 0.04680643588493418
2 0.4127495170637476 0.8096050706972209 0.0695428203477141 0.04436860068259386
2 0.5885383129426915 0.04217454900048757 0.05537669027688345 0.04144319843978547
2 0.9018029620090148 0.552901023890785 0.04571796522858983 0.05558264261335934
2 0.6616226658081134 0.5862993661628474 0.04700579523502898 0.05021940516821063
2 0.33547971667739857 0.8464163822525598 0.06310367031551835 0.03217942467089225