2 0.8064516129032258 0.8304398148148148 0.09847198641765705 0.1400462962962963
2 0.6383701188455009 0.9137731481481481 0.100169779286927 0.1099537037037037
2 0.9146859083191851 0.6730324074074074 0.08234295415959253 0.13078703703703703
2 0.9426994906621392 0.16435185185185186 0.10101867572156197 0.12037037037037036
2 0.717741935483871 0.5324074074074074 0.06196943972835314 0.06481481481481481
2 0.66553480475382 0.7841435185185185 0.09847198641765705 0.10069444444444445
2 0.6544991511035654 0.0775462962962963 0.08488964346349745 0.125
2 0.5522071307300509 0.0954861111111111 0.07215619694397284 0.06828703703703703
2 0.499151103565365 0.16319444444444445 0.05602716468590832 0.09953703703703703
1 0.9028013582342954 0.6672453703703703 0.038200339558573854 0.04976851851851852
1 0.6702037351443124 0.7679398148148148 0.0365025466893039 0.04976851851851852
0 0.7924448217317487 0.8240740740740741 0.04499151103565365 0.05324074074074074
1 0.6413412563667232 0.08101851851851852 0.0432937181663837 0.05092592592592592
0 0.5140067911714771 0.1574074074074074 0.0432937181663837 0.04398148148148148
0 0.5679117147707979 0.10243055555555555 0.04753820033955857 0.047453703703703706
0 0.5721561969439728 0.04513888888888889 0.03735144312393888 0.05787037037037037
1 0.934634974533107 0.18460648148148148 0.03735144312393888 0.04513888888888889