2 0.42325367647058826 0.5258033106134372 0.08363970588235294 0.10321324245374879
2 0.4931066176470588 0.5559883154819864 0.04136029411764706 0.04089581304771178
2 0.5965073529411765 0.26241480038948395 0.10110294117647059 0.09250243427458617
2 0.6737132352941176 0.2828627069133398 0.07169117647058823 0.11587147030185005
2 0.8543198529411765 0.13875365141187926 0.07261029411764706 0.09639727361246349
2 0.7863051470588235 0.18062317429406036 0.07077205882352941 0.06329113924050633
2 0.9618566176470589 0.16747809152872445 0.04871323529411765 0.08373904576436222
2 0.6971507352941176 0.09444985394352483 0.0818014705882353 0.08373904576436222
2 0.6346507352941176 0.1017526777020448 0.078125 0.10418695228821812
2 0.7045036764705882 0.2074001947419669 0.07628676470588236 0.11100292112950341
2 0.7008272058823529 0.13777994157740994 0.07996323529411764 0.05160662122687439
2 0.3000919117647059 0.2385589094449854 0.057904411764705885 0.06426484907497566
2 0.4264705882352941 0.6168451801363194 0.07169117647058823 0.10223953261927946
2 0.33455882352941174 0.6791626095423564 0.0661764705882353 0.10808179162609542
2 0.03860294117647059 0.7667964946445959 0.05514705882352941 0.1002921129503408
2 0.04457720588235294 0.8719571567672834 0.0744485294117647 0.10223953261927946
2 0.1640625 0.9425511197663097 0.08731617647058823 0.07010710808179163
2 0.4788602941176471 0.750730282375852 0.10477941176470588 0.07789678675754626
2 0.4250919117647059 0.7585199610516066 0.04871323529411765 0.062317429406037
2 0.4108455882352941 0.8067185978578384 0.08639705882352941 0.07108081791626096
2 0.6465992647058824 0.4454722492697176 0.09650735294117647 0.07887049659201557
2 0.49264705882352944 0.34177215189873417 0.08639705882352941 0.07010710808179163
2 0.16957720588235295 0.49221032132424536 0.04871323529411765 0.0866601752677702
2 0.24586397058823528 0.5296981499513145 0.07628676470588236 0.06815968841285297
2 0.2899816176470588 0.5842259006815969 0.0744485294117647 0.08179162609542356
2 0.6181066176470589 0.759493670886076 0.0744485294117647 0.06037000973709834
2 0.3616727941176471 0.8631937682570594 0.05974264705882353 0.0866601752677702
0 0.17325367647058823 0.9483933787731256 0.03400735294117647 0.029211295034079845
0 0.029411764705882353 0.9566699123661149 0.04411764705882353 0.03602726387536514
1 0.04503676470588235 0.8641674780915287 0.029411764705882353 0.03992210321324245
1 0.057904411764705885 0.7541382667964946 0.034926470588235295 0.03213242453748783
2 0.07904411764705882 0.7755598831548198 0.07352941176470588 0.05939629990262902
0 0.08318014705882353 0.7619279454722493 0.043198529411764705 0.03992210321324245
1 0.02022058823529412 0.7074001947419669 0.03860294117647059 0.034079844206426485
1 0.03814338235294118 0.5671859785783836 0.03952205882352941 0.0379746835443038
0 0.16544117647058823 0.4844206426484908 0.03308823529411765 0.03018500486854917
1 0.24034926470588236 0.5180136319376826 0.03216911764705882 0.042843232716650435
0 0.5978860294117647 0.7400194741966893 0.03952205882352941 0.029211295034079845
1 0.4724264705882353 0.7332035053554041 0.027573529411764705 0.05063291139240506
0 0.4039522058823529 0.7896786757546251 0.03216911764705882 0.04868549172346641
1 0.3212316176470588 0.6777020447906524 0.03400735294117647 0.042843232716650435
1 0.28722426470588236 0.5715676728334956 0.03768382352941176 0.03894839337877313
0 0.41544117647058826 0.6051606621226875 0.04044117647058824 0.045764362220058426
0 0.6433823529411765 0.4323271665043817 0.03676470588235294 0.044790652385589096
0 0.48943014705882354 0.3588120740019474 0.02665441176470588 0.04186952288218111
0 0.2849264705882353 0.2439143135345667 0.03676470588235294 0.034079844206426485
1 0.6911764705882353 0.26777020447906524 0.04411764705882353 0.03894839337877313
0 0.6865808823529411 0.2044790652385589 0.04411764705882353 0.04673807205452775
0 0.8607536764705882 0.13972736124634857 0.04503676470588235 0.043816942551119765
1 0.6939338235294118 0.10077896786757547 0.042279411764705885 0.04186952288218111
0 0.6213235294117647 0.09980525803310614 0.051470588235294115 0.045764362220058426
1 0.43106617647058826 0.5379746835443038 0.03676470588235294 0.034079844206426485
1 0.6976102941176471 0.1543330087633885 0.025735294117647058 0.03018500486854917