2 0.689 0.06597222222222222 0.074 0.1111111111111111
2 0.636 0.2478298611111111 0.14 0.0703125
2 0.596 0.359375 0.074 0.1232638888888889
2 0.358 0.7643229166666666 0.092 0.0703125
2 0.2765 0.5972222222222222 0.073 0.09027777777777778
2 0.0615 0.8194444444444444 0.089 0.09027777777777778
2 0.301 0.7317708333333334 0.08 0.04513888888888889
2 0.531 0.20008680555555555 0.102 0.07899305555555555
2 0.608 0.10460069444444445 0.112 0.0703125
2 0.5755 0.2786458333333333 0.089 0.07465277777777778
2 0.701 0.16883680555555555 0.106 0.08072916666666667
2 0.3765 0.2365451388888889 0.101 0.08072916666666667
1 0.056 0.8216145833333334 0.032 0.0390625
1 0.2715 0.5894097222222222 0.043 0.03819444444444445
1 0.3025 0.7400173611111112 0.043 0.035590277777777776
1 0.3475 0.765625 0.033 0.03993055555555555
1 0.5695 0.3559027777777778 0.041 0.03125
1 0.6465 0.24088541666666666 0.041 0.04774305555555555
1 0.5355 0.19053819444444445 0.029 0.042534722222222224
1 0.706 0.1714409722222222 0.046 0.0390625
1 0.611 0.09244791666666667 0.04 0.042534722222222224
1 0.7185 0.06684027777777778 0.055 0.03125
2 0.6685 0.1015625 0.091 0.057291666666666664
1 0.6655 0.10243055555555555 0.037 0.03298611111111111
1 0.5945 0.2686631944444444 0.039 0.033854166666666664
2 0.7485 0.1796875 0.083 0.05555555555555555
1 0.751 0.1697048611111111 0.042 0.03732638888888889