2 0.21728971962616822 0.5898491083676269 0.08878504672897196 0.12345679012345678
2 0.3705607476635514 0.7791495198902606 0.08691588785046729 0.13717421124828533
2 0.6658878504672897 0.8806584362139918 0.09813084112149532 0.1262002743484225
2 0.6822429906542056 0.7956104252400549 0.08598130841121496 0.09876543209876543
2 0.7308411214953271 0.27983539094650206 0.08224299065420561 0.10699588477366255
2 0.822429906542056 0.35390946502057613 0.08785046728971962 0.11796982167352538
2 0.8644859813084113 0.24348422496570646 0.07289719626168224 0.12208504801097393
0 0.2191588785046729 0.5829903978052127 0.04205607476635514 0.05212620027434842
1 0.3775700934579439 0.7736625514403292 0.03551401869158879 0.04663923182441701
0 0.6588785046728972 0.8957475994513031 0.03364485981308411 0.06584362139917696
1 0.6817757009345794 0.7962962962962963 0.02897196261682243 0.04526748971193416
0 0.7233644859813084 0.28737997256515774 0.029906542056074768 0.04801097393689986
0 0.8476635514018691 0.21330589849108367 0.028037383177570093 0.05898491083676269
0 0.8102803738317756 0.32373113854595337 0.03177570093457944 0.07956104252400549