2 0.2596026490066225 0.20861833105335156 0.07417218543046358 0.08891928864569083
2 0.6132450331125828 0.6422708618331053 0.09271523178807947 0.09986320109439124
2 0.4682119205298013 0.47127222982216144 0.0913907284768212 0.07523939808481532
2 0.47152317880794703 0.5321477428180574 0.08741721854304636 0.07934336525307797
2 0.3708609271523179 0.6258549931600548 0.11390728476821192 0.06976744186046512
2 0.38211920529801324 0.5738714090287278 0.0913907284768212 0.06976744186046512
2 0.46158940397350995 0.6703146374829001 0.08344370860927153 0.1012311901504788
0 0.6086092715231788 0.6497948016415869 0.04105960264900662 0.046511627906976744
0 0.47483443708609274 0.6621067031463749 0.046357615894039736 0.04103967168262654
0 0.3701986754966887 0.6422708618331053 0.03576158940397351 0.047879616963064295
0 0.39933774834437086 0.5615595075239398 0.03576158940397351 0.03967168262653899
1 0.4642384105960265 0.539671682626539 0.03576158940397351 0.03967168262653899
1 0.4602649006622517 0.48153214774281805 0.033112582781456956 0.038303693570451436
1 0.2503311258278146 0.20930232558139536 0.03443708609271523 0.03283173734610123
2 0.704635761589404 0.08002735978112176 0.06622516556291391 0.06429548563611491
1 0.7218543046357616 0.06497948016415869 0.026490066225165563 0.03967168262653899