2 0.2883877159309021 0.09751552795031056 0.1218809980806142 0.10062111801242236
2 0.0873320537428023 0.3838509316770186 0.1017274472168906 0.168944099378882
2 0.28358925143953934 0.4142857142857143 0.118042226487524 0.115527950310559
2 0.3651631477927063 0.715527950310559 0.06813819577735125 0.09440993788819876
2 0.31429942418426104 0.7527950310559006 0.05662188099808062 0.12919254658385093
2 0.33685220729366605 0.908695652173913 0.11708253358925144 0.11304347826086956
2 0.13723608445297505 0.9136645962732919 0.09788867562380038 0.08571428571428572
0 0.2600767754318618 0.06645962732919254 0.05182341650671785 0.043478260869565216
1 0.28310940499040305 0.4366459627329193 0.0345489443378119 0.05341614906832298
0 0.11756238003838772 0.3869565217391304 0.05470249520153551 0.0484472049689441
0 0.33397312859884837 0.94472049689441 0.03838771593090211 0.055900621118012424
0 0.15451055662188098 0.8937888198757764 0.046065259117082535 0.06832298136645963
0 0.31765834932821496 0.7807453416149068 0.03838771593090211 0.07329192546583851