2 0.42375081116158336 0.23852501289324393 0.06878650227125244 0.073749355337803
2 0.15347177157689812 0.5510572460030944 0.07722258273848151 0.05621454357916452
2 0.754055807916937 0.09128416709644147 0.07008436080467229 0.06601340897369778
2 0.5574302401038287 0.44636410520887054 0.06099935107073329 0.05105724600309438
2 0.1291369240752758 0.6248066013408974 0.07657365347177157 0.05724600309437854
2 0.4789097988319273 0.32413615265600826 0.058403634003893576 0.04486848891181021
2 0.5107073329007138 0.23465703971119134 0.06878650227125244 0.04332129963898917
2 0.04120700843608047 0.5856111397627644 0.04866969500324465 0.05002578648788035
2 0.5989617131732641 0.27617328519855594 0.07657365347177157 0.038679731820526045
2 0.5207657365347177 0.18359979370809695 0.06424399740428294 0.05776173285198556
2 0.5648929266709929 0.26585869004641566 0.05126541207008436 0.04899432697266632
2 0.08079169370538611 0.555956678700361 0.05515898767034393 0.042289840123775145
2 0.3789746917585983 0.29473955647240846 0.054510058403634 0.04693140794223827
2 0.42212848799480857 0.36023723568849925 0.04866969500324465 0.0479628674574523
2 0.4782608695652174 0.04357916451779267 0.06748864373783257 0.037648272305312015
2 0.5191434133679429 0.3947911294481692 0.05191434133679429 0.03455389375966993
2 0.5648929266709929 0.3831872099020113 0.0317975340687865 0.04847859721505931
2 0.436080467229072 0.6655492521918515 0.053212199870214145 0.05518308406395049
2 0.46950032446463336 0.589994842702424 0.05256327060350422 0.0556988138215575
2 0.4516547696301103 0.463383187209902 0.050616482803374434 0.04177411036616813
2 0.5061648280337443 0.27565755544094894 0.05970149253731343 0.05002578648788035
2 0.5791693705386113 0.407426508509541 0.05126541207008436 0.02475502836513667