2 0.27844311377245506 0.11853832442067737 0.1277445109780439 0.11051693404634581
2 0.7370259481037924 0.8337789661319073 0.20459081836327345 0.09714795008912656
2 0.659181636726547 0.5022281639928698 0.1027944111776447 0.11675579322638147
2 0.872255489021956 0.44385026737967914 0.1497005988023952 0.0748663101604278
2 0.9326347305389222 0.5499108734402852 0.11477045908183632 0.1568627450980392
2 0.7714570858283433 0.5231729055258467 0.13572854291417166 0.08021390374331551
2 0.655688622754491 0.6060606060606061 0.11377245508982035 0.11942959001782531
2 0.6636726546906188 0.7647058823529411 0.11177644710578842 0.1319073083778966
2 0.8393213572854291 0.5276292335115864 0.1217564870259481 0.09269162210338681
2 0.25898203592814373 0.7633689839572193 0.09880239520958084 0.09893048128342247
2 0.3073852295409182 0.8712121212121212 0.1377245508982036 0.11497326203208556
2 0.3842315369261477 0.9126559714795008 0.12574850299401197 0.09803921568627451
0 0.2749500998003992 0.11942959001782531 0.07285429141716566 0.062388591800356503
0 0.6746506986027944 0.5062388591800356 0.06786427145708583 0.0481283422459893
0 0.9461077844311377 0.5476827094474154 0.07784431137724551 0.057932263814616754
1 0.7694610778443114 0.5427807486631016 0.043912175648702596 0.0570409982174688
1 0.8478043912175649 0.5138146167557932 0.05289421157684631 0.06149732620320856
1 0.876746506986028 0.46702317290552586 0.054890219560878244 0.05169340463458111
0 0.6387225548902196 0.5842245989304813 0.0658682634730539 0.049019607843137254
0 0.6801397205588823 0.767825311942959 0.06686626746506986 0.049019607843137254
0 0.7415169660678643 0.8600713012477719 0.06187624750499002 0.06417112299465241
0 0.3782435129740519 0.9117647058823529 0.0658682634730539 0.05525846702317291
0 0.31137724550898205 0.8627450980392157 0.0718562874251497 0.05525846702317291
0 0.23552894211576847 0.7843137254901961 0.05588822355289421 0.053475935828877004