2 0.282437745740498 0.4150116822429907 0.08650065530799476 0.0625
2 0.12385321100917432 0.46115654205607476 0.06684141546526867 0.05899532710280374
2 0.526867627785059 0.38960280373831774 0.05897771952817824 0.07242990654205607
2 0.2932503276539974 0.5128504672897196 0.06487549148099607 0.0689252336448598
2 0.6517038007863696 0.5940420560747663 0.07011795543905636 0.0630841121495327
2 0.8944954128440367 0.7543808411214953 0.07077326343381389 0.07184579439252337
2 0.5714285714285714 0.773072429906542 0.0655307994757536 0.06600467289719626
2 0.46690694626474444 0.4962032710280374 0.063564875491481 0.055490654205607476
2 0.4829619921363041 0.42757009345794394 0.0655307994757536 0.05724299065420561
2 0.6304062909567497 0.9176401869158879 0.07077326343381389 0.06191588785046729
2 0.45314547837483615 0.3767523364485981 0.063564875491481 0.06074766355140187
2 0.6608781127129751 0.8755841121495327 0.05832241153342071 0.054906542056074766
2 0.6307339449541285 0.75 0.0674967234600262 0.06425233644859812
2 0.6176277850589778 0.5376752336448598 0.062254259501965926 0.04497663551401869
2 0.6775884665792923 0.7824182242990654 0.06290956749672345 0.05782710280373832
2 0.42365661861074705 0.39544392523364486 0.06094364351245085 0.05023364485981308
2 0.6032110091743119 0.639018691588785 0.051769331585845346 0.05724299065420561
2 0.3145478374836173 0.5721378504672897 0.06815203145478375 0.06717289719626168
2 0.6657929226736566 0.9632009345794392 0.08387942332896461 0.05023364485981308
2 0.7237876802096985 0.7774532710280374 0.062254259501965926 0.04789719626168224
2 0.5167103538663171 0.48510514018691586 0.05045871559633028 0.06600467289719626
2 0.8345347313237221 0.8872663551401869 0.06094364351245085 0.05841121495327103
2 0.7139580602883355 0.8674065420560748 0.051769331585845346 0.0455607476635514
2 0.7565530799475754 0.866822429906542 0.07404980340760157 0.054906542056074766