2 0.37362954414310445 0.18163672654690619 0.06174264281592614 0.11177644710578842
2 0.9053664166185805 0.6417165668662674 0.09924985574148874 0.06453759148369927
2 0.7538949798038084 0.8373253493013972 0.07443739180611655 0.08183632734530938
2 0.5758799769186382 0.4820359281437126 0.061165608770917486 0.06187624750499002
2 0.875937680323139 0.3250166333998669 0.050778995960761686 0.07651363938789088
2 0.29919215233698787 0.41583499667332 0.07674552798615118 0.07584830339321358
2 0.7143681477207156 0.7717897538256819 0.06462781304096941 0.07052561543579508
2 0.9572994806693594 0.4587491683300067 0.050778995960761686 0.07917498336660013
2 0.31332948643969993 0.4614105123087159 0.0727062896710906 0.08183632734530938
2 0.5152914021927294 0.4407850964737192 0.06809001731102135 0.06453759148369927
2 0.5978072706289671 0.5479041916167665 0.050778995960761686 0.05788423153692615
0 0.35631852279284476 0.19427811044577512 0.03981534910559723 0.02927478376580173
1 0.5761684939411426 0.48003992015968067 0.020196191575302943 0.028609447771124417
0 0.5830929024812463 0.5565535595475716 0.031736872475476054 0.04590818363273453
1 0.3035199076745528 0.4135063206919494 0.027697634160415464 0.029940119760479042
1 0.3147720715522216 0.45808383233532934 0.020196191575302943 0.028609447771124417
1 0.8828620888632429 0.323020625415835 0.02308136180034622 0.02594810379241517
0 0.9645124062319677 0.4564204923486361 0.02827466820542412 0.034597471723220224
1 0.9027697634160415 0.6254158349966733 0.022504327755337564 0.03592814371257485
1 0.693594922100404 0.7870924817032602 0.026543566070398154 0.027944111776447105
0 0.742931332948644 0.8343313373253493 0.03289094056549336 0.034597471723220224