2 0.6842320261437909 0.5184119677790564 0.15441176470588236 0.13924050632911392
2 0.6086601307189542 0.4050632911392405 0.0784313725490196 0.19332566168009205
2 0.6854575163398693 0.15304948216340622 0.08496732026143791 0.1380897583429229
2 0.8811274509803921 0.1812428078250863 0.1184640522875817 0.13003452243958574
2 0.3684640522875817 0.3411967779056387 0.11601307189542484 0.10701956271576525
2 0.16993464052287582 0.24338319907940162 0.0915032679738562 0.12313003452243959
2 0.23529411764705882 0.10529344073647871 0.10457516339869281 0.11852704257767549
2 0.318218954248366 0.14556962025316456 0.0727124183006536 0.20368239355581128
2 0.24591503267973855 0.19505178365937859 0.09477124183006536 0.08860759493670886
2 0.27124183006535946 0.2848101265822785 0.10130718954248366 0.09781357882623705
2 0.4375 0.8481012658227848 0.14950980392156862 0.12197928653624857
0 0.22140522875816993 0.09838895281933256 0.0457516339869281 0.07479861910241657
1 0.1809640522875817 0.2186421173762946 0.041666666666666664 0.05983889528193326
1 0.23447712418300654 0.20713463751438435 0.0392156862745098 0.06214039125431531
0 0.33455882352941174 0.15074798619102417 0.05473856209150327 0.06444188722669736
1 0.28308823529411764 0.2646720368239356 0.041666666666666664 0.05753739930955121
0 0.3680555555555556 0.3630609896432681 0.03839869281045752 0.07710011507479862
0 0.6290849673202614 0.40563866513233604 0.05392156862745098 0.05408515535097814
0 0.8819444444444444 0.15535097813578827 0.04656862745098039 0.09205983889528194
0 0.6936274509803921 0.142692750287687 0.042483660130718956 0.07364787111622555
0 0.6838235294117647 0.5408515535097813 0.04411764705882353 0.09896432681242807
1 0.4424019607843137 0.879746835443038 0.04330065359477124 0.07019562715765247