2 0.23949115044247787 0.7398648648648649 0.1006637168141593 0.08397683397683398
2 0.061946902654867256 0.8793436293436293 0.11946902654867257 0.07142857142857142
2 0.35896017699115046 0.8392857142857143 0.08075221238938053 0.08976833976833977
2 0.3993362831858407 0.8851351351351351 0.0752212389380531 0.07528957528957529
2 0.6664823008849557 0.6085907335907336 0.08517699115044247 0.06467181467181467
2 0.6637168141592921 0.5646718146718147 0.1084070796460177 0.06756756756756757
2 0.9463495575221239 0.2625482625482625 0.0918141592920354 0.06177606177606178
2 0.29922566371681414 0.918918918918919 0.08960176991150443 0.05405405405405406
2 0.6095132743362832 0.7702702702702703 0.09734513274336283 0.09073359073359073
2 0.4823008849557522 0.8204633204633205 0.10398230088495575 0.08301158301158301
2 0.9131637168141593 0.5304054054054054 0.10951327433628319 0.06467181467181467
0 0.06803097345132743 0.861969111969112 0.04756637168141593 0.04054054054054054
0 0.3125 0.9329150579150579 0.04756637168141593 0.029922779922779922
0 0.23506637168141592 0.7393822393822393 0.04756637168141593 0.04054054054054054
1 0.3506637168141593 0.847972972972973 0.03982300884955752 0.037644787644787646
1 0.40486725663716816 0.8875482625482626 0.035398230088495575 0.03957528957528957
1 0.47400442477876104 0.8272200772200772 0.03650442477876106 0.04054054054054054
0 0.6189159292035398 0.7852316602316602 0.04756637168141593 0.03957528957528957
1 0.6609513274336283 0.6182432432432432 0.032079646017699116 0.04343629343629344
1 0.6648230088495575 0.5728764478764479 0.03982300884955752 0.033783783783783786
1 0.9264380530973452 0.543918918918919 0.03650442477876106 0.037644787644787646
1 0.9424778761061947 0.2693050193050193 0.033185840707964605 0.03861003861003861