2 0.31785480706344016 0.2888953152111047 0.08894702419882276 0.07807981492192019
2 0.45814257684761284 0.6385193753614806 0.08175277959450622 0.0670908039329092
2 0.08600392413342053 0.28976286871023715 0.06474820143884892 0.08328513591671487
2 0.2681491170699804 0.1119144013880856 0.08371484630477437 0.06304222093695779
2 0.22498364944408109 0.4985540775014459 0.09287115761935906 0.06015037593984962
2 0.6379986919555265 0.4875650665124349 0.08829300196206671 0.06246385193753615
2 0.5461085676913014 0.5349913244650086 0.06409417920209287 0.08906882591093117
2 0.29659908436886856 0.04742625795257374 0.07913669064748201 0.06477732793522267
2 0.578809679529104 0.5098322729901678 0.09156311314584696 0.06304222093695779
0 0.5804447351209941 0.4950838635049161 0.03466317854807063 0.03701561596298438
1 0.45585349901896666 0.6304222093695778 0.030085022890778287 0.03007518796992481
1 0.3207979071288424 0.286871023713129 0.028122956180510136 0.026604973973395025
1 0.0670372792674951 0.2816657027183343 0.03466317854807063 0.032388663967611336
1 0.2671680837148463 0.1231925968768074 0.025506867233485938 0.026604973973395025
1 0.3567691301504251 0.02891844997108155 0.030739045127534337 0.027761711972238288
0 0.3001962066710268 0.0615962984384037 0.02877697841726619 0.03412377096587623