2 0.05536332179930796 0.2091733870967742 0.08996539792387544 0.0655241935483871
2 0.3477508650519031 0.65625 0.10726643598615918 0.08870967741935484
2 0.189878892733564 0.5882056451612904 0.1115916955017301 0.08568548387096774
2 0.9173875432525952 0.8089717741935484 0.07698961937716263 0.08568548387096774
2 0.8897058823529411 0.7535282258064516 0.07006920415224914 0.08770161290322581
2 0.23486159169550172 0.6612903225806451 0.06487889273356401 0.1028225806451613
2 0.546280276816609 0.6023185483870968 0.07179930795847751 0.06955645161290322
2 0.31833910034602075 0.17842741935483872 0.04844290657439446 0.06854838709677419
2 0.4208477508650519 0.04334677419354839 0.05795847750865052 0.07862903225806452
2 0.4740484429065744 0.296875 0.10034602076124567 0.06149193548387097
1 0.053200692041522495 0.19153225806451613 0.028546712802768166 0.036290322580645164
0 0.19333910034602075 0.5690524193548387 0.03546712802768166 0.05141129032258065
0 0.2491349480968858 0.6648185483870968 0.039792387543252594 0.04334677419354839
0 0.3468858131487889 0.6794354838709677 0.03633217993079585 0.046370967741935484
1 0.9061418685121108 0.7706653225806451 0.03546712802768166 0.04334677419354839
1 0.9294982698961938 0.8089717741935484 0.03200692041522491 0.04133064516129032
2 0.2179930795847751 0.6456653225806451 0.04152249134948097 0.08770161290322581
1 0.2106401384083045 0.6386088709677419 0.025086505190311418 0.03125