2 0.233502538071066 0.7781413612565445 0.08375634517766498 0.10340314136125654
2 0.375 0.38481675392670156 0.0901015228426396 0.08115183246073299
2 0.44416243654822335 0.4155759162303665 0.07868020304568528 0.08769633507853403
2 0.5177664974619289 0.5660994764397905 0.08629441624365482 0.08769633507853403
2 0.6668781725888325 0.06544502617801047 0.10025380710659898 0.08900523560209424
2 0.3223350253807107 0.17604712041884818 0.09644670050761421 0.0824607329842932
2 0.4289340101522843 0.04842931937172775 0.08121827411167512 0.07591623036649214
2 0.3876903553299492 0.206151832460733 0.05456852791878172 0.0693717277486911
2 0.41243654822335024 0.1387434554973822 0.07868020304568528 0.06806282722513089
0 0.24428934010152284 0.7801047120418848 0.03426395939086294 0.028795811518324606
1 0.5348984771573604 0.5641361256544503 0.03426395939086294 0.03926701570680628
1 0.43274111675126903 0.40706806282722513 0.03553299492385787 0.03664921465968586
2 0.11040609137055837 0.5235602094240838 0.08883248730964467 0.08115183246073299
0 0.3267766497461929 0.19044502617801048 0.031725888324873094 0.04319371727748691
0 0.38515228426395937 0.2107329842931937 0.03426395939086294 0.04450261780104712
0 0.41941624365482233 0.12892670157068062 0.03426395939086294 0.032722513089005235
0 0.5926395939086294 0.03992146596858639 0.04060913705583756 0.03534031413612566
0 0.6573604060913706 0.08638743455497382 0.03553299492385787 0.04450261780104712
2 0.5564720812182741 0.4037958115183246 0.1281725888324873 0.0824607329842932
1 0.5545685279187818 0.4201570680628272 0.03299492385786802 0.03926701570680628
2 0.17258883248730963 0.5202879581151832 0.07360406091370558 0.06413612565445026
1 0.37817258883248733 0.38023560209424084 0.03299492385786802 0.03534031413612566