2 0.6840572033898306 0.39416292495189226 0.06514830508474577 0.06991661321359846
2 0.6758474576271186 0.4640795381654907 0.0646186440677966 0.06735086593970493
2 0.9592161016949152 0.690506735086594 0.057203389830508475 0.055805003207184095
2 0.6276483050847458 0.4666452854393842 0.0413135593220339 0.05195638229634381
2 0.5370762711864406 0.4211032713277742 0.046610169491525424 0.06093649775497113
2 0.4880826271186441 0.40153944836433614 0.057733050847457626 0.05259781911481719
2 0.3832097457627119 0.29538165490699164 0.05031779661016949 0.04682488774855677
2 0.2142478813559322 0.1898652982681206 0.0513771186440678 0.06029506093649775
2 0.3334216101694915 0.14111610006414368 0.048199152542372885 0.05131494547787043
2 0.3763241525423729 0.1799230275817832 0.06091101694915254 0.055805003207184095
2 0.4766949152542373 0.4900577293136626 0.05084745762711865 0.055163566388710714
2 0.893802966101695 0.6690186016677357 0.06832627118644068 0.06799230275817832
2 0.670021186440678 0.535279025016036 0.057203389830508475 0.055805003207184095
2 0.5566737288135594 0.27325208466966006 0.0423728813559322 0.04490057729313662
2 0.518802966101695 0.32232200128287364 0.06091101694915254 0.058370750481077614
2 0.7129237288135594 0.5359204618345093 0.059322033898305086 0.05708787684413085
2 0.7690677966101694 0.5865939704939064 0.05084745762711865 0.04169339320076972
2 0.4202860169491525 0.3787684413085311 0.06832627118644068 0.08787684413085312
2 0.8442796610169492 0.6959589480436177 0.04766949152542373 0.07697241821680564