2 0.8445945945945946 0.8178092399403875 0.06576576576576576 0.06333830104321908
2 0.19324324324324324 0.407973174366617 0.08018018018018018 0.09314456035767511
2 0.39234234234234233 0.6296572280178837 0.0945945945945946 0.06557377049180328
2 0.37432432432432433 0.3315946348733234 0.08018018018018018 0.06408345752608048
2 0.4882882882882883 0.8431445603576752 0.07747747747747748 0.05290611028315946
2 0.1063063063063063 0.30402384500745155 0.07927927927927927 0.06259314456035768
2 0.6364864864864865 0.5942622950819673 0.07117117117117117 0.07675111773472429
2 0.44594594594594594 0.7459016393442623 0.07747747747747748 0.043219076005961254
0 0.5049549549549549 0.8338301043219076 0.04054054054054054 0.02384500745156483
2 0.6126126126126126 0.9254843517138599 0.06666666666666667 0.02384500745156483
0 0.6216216216216216 0.5726527570789866 0.04144144144144144 0.029061102831594635
0 0.20945945945945946 0.407973174366617 0.044144144144144144 0.02608047690014903
1 0.09864864864864865 0.30476900149031294 0.03153153153153153 0.02533532041728763