2 0.31305309734513276 0.30574324324324326 0.07964601769911504 0.08671171171171171
2 0.08019911504424779 0.7353603603603603 0.10730088495575221 0.06981981981981981
2 0.2411504424778761 0.8795045045045045 0.05752212389380531 0.0990990990990991
2 0.33351769911504425 0.8237612612612613 0.11172566371681415 0.057432432432432436
2 0.37444690265486724 0.8755630630630631 0.06747787610619468 0.06644144144144144
2 0.3434734513274336 0.7623873873873874 0.05420353982300885 0.07432432432432433
2 0.3440265486725664 0.7201576576576577 0.07964601769911504 0.06644144144144144
2 0.8241150442477876 0.23817567567567569 0.06637168141592921 0.0777027027027027
2 0.9220132743362832 0.393018018018018 0.06084070796460177 0.08783783783783784
2 0.9253318584070797 0.5737612612612613 0.05641592920353982 0.0686936936936937
2 0.8761061946902655 0.5855855855855856 0.046460176991150445 0.07432432432432433
2 0.8329646017699115 0.6171171171171171 0.048672566371681415 0.06981981981981981
2 0.7483407079646017 0.4189189189189189 0.06305309734513274 0.09684684684684684
2 0.7704646017699115 0.32882882882882886 0.07853982300884955 0.06531531531531531
2 0.7289823008849557 0.34515765765765766 0.05530973451327434 0.07094594594594594
2 0.668141592920354 0.38626126126126126 0.08628318584070796 0.07657657657657657
2 0.5918141592920354 0.36092342342342343 0.05752212389380531 0.10022522522522523
2 0.547566371681416 0.4132882882882883 0.08628318584070796 0.05630630630630631
2 0.5768805309734514 0.45213963963963966 0.08075221238938053 0.057432432432432436
2 0.5342920353982301 0.49042792792792794 0.061946902654867256 0.057432432432432436
2 0.4939159292035398 0.46565315315315314 0.051991150442477874 0.0777027027027027
2 0.5929203539823009 0.8074324324324325 0.0752212389380531 0.060810810810810814
2 0.6648230088495575 0.6227477477477478 0.061946902654867256 0.08783783783783784
2 0.8075221238938053 0.5399774774774775 0.09734513274336283 0.059684684684684686
2 0.6581858407079646 0.732545045045045 0.07079646017699115 0.08220720720720721
2 0.6017699115044248 0.7443693693693694 0.0420353982300885 0.06756756756756757
2 0.7190265486725663 0.581081081081081 0.061946902654867256 0.08558558558558559
2 0.7217920353982301 0.6525900900900901 0.04756637168141593 0.05067567567567568
2 0.8324115044247787 0.40596846846846846 0.05641592920353982 0.07094594594594594
0 0.08462389380530974 0.7466216216216216 0.034292035398230086 0.04279279279279279
1 0.2549778761061947 0.8766891891891891 0.032079646017699116 0.03265765765765766
0 0.3301991150442478 0.839527027027027 0.02765486725663717 0.041666666666666664
1 0.3567477876106195 0.7646396396396397 0.029867256637168143 0.02927927927927928
0 0.31139380530973454 0.30574324324324326 0.034292035398230086 0.037162162162162164
1 0.5923672566371682 0.8175675675675675 0.029867256637168143 0.033783783783783786
1 0.6106194690265486 0.7415540540540541 0.024336283185840708 0.030405405405405407
0 0.6498893805309734 0.7167792792792793 0.034292035398230086 0.039414414414414414
1 0.6532079646017699 0.6233108108108109 0.032079646017699116 0.030405405405405407
1 0.709070796460177 0.6661036036036037 0.028761061946902654 0.030405405405405407
1 0.7234513274336283 0.5833333333333334 0.033185840707964605 0.036036036036036036
1 0.9126106194690266 0.5900900900900901 0.033185840707964605 0.036036036036036036
1 0.8064159292035398 0.5225225225225225 0.033185840707964605 0.02927927927927928
1 0.9292035398230089 0.3935810810810811 0.03761061946902655 0.0259009009009009
1 0.7577433628318584 0.42117117117117114 0.03761061946902655 0.033783783783783786
1 0.8130530973451328 0.23986486486486486 0.028761061946902654 0.033783783783783786
1 0.7676991150442478 0.3125 0.033185840707964605 0.041666666666666664
1 0.7173672566371682 0.34797297297297297 0.032079646017699116 0.033783783783783786
0 0.6570796460176991 0.3761261261261261 0.046460176991150445 0.0472972972972973
1 0.5387168141592921 0.49042792792792794 0.028761061946902654 0.0259009009009009
1 0.504424778761062 0.47297297297297297 0.028761061946902654 0.036036036036036036
1 0.5835176991150443 0.4594594594594595 0.029867256637168143 0.03153153153153153
2 0.5099557522123894 0.9510135135135135 0.048672566371681415 0.0686936936936937
1 0.497787610619469 0.9572072072072072 0.028761061946902654 0.024774774774774775
0 0.5680309734513275 0.42905405405405406 0.029867256637168143 0.03153153153153153
1 0.5785398230088495 0.36655405405405406 0.024336283185840708 0.030405405405405407
1 0.8871681415929203 0.5945945945945946 0.02654867256637168 0.024774774774774775
1 0.8478982300884956 0.6182432432432432 0.029867256637168143 0.036036036036036036
1 0.372787610619469 0.8755630630630631 0.028761061946902654 0.03265765765765766
2 0.38882743362831856 0.9594594594594594 0.04756637168141593 0.04954954954954955
1 0.39048672566371684 0.9470720720720721 0.024336283185840708 0.02702702702702703