2 0.6244582043343653 0.7347540983606557 0.06625386996904024 0.08065573770491803
2 0.4953560371517028 0.660655737704918 0.06439628482972136 0.06491803278688525
2 0.7622291021671826 0.8078688524590164 0.05201238390092879 0.06163934426229508
2 0.49102167182662537 0.08721311475409836 0.06811145510835913 0.06950819672131148
2 0.8547987616099071 0.7960655737704918 0.06873065015479876 0.06950819672131148
2 0.5721362229102167 0.10426229508196722 0.06563467492260062 0.06688524590163934
2 0.4374613003095975 0.37344262295081965 0.05386996904024768 0.06622950819672131
2 0.9455108359133126 0.7016393442622951 0.05448916408668731 0.07737704918032787
2 0.8173374613003096 0.7278688524590164 0.0693498452012384 0.07081967213114754
2 0.32941176470588235 0.36950819672131147 0.05448916408668731 0.06098360655737705
2 0.608359133126935 0.5826229508196721 0.06501547987616099 0.06622950819672131
2 0.37058823529411766 0.559016393442623 0.06625386996904024 0.04786885245901639
2 0.91671826625387 0.8275409836065574 0.057585139318885446 0.07475409836065573
2 0.541486068111455 0.4583606557377049 0.08111455108359134 0.05639344262295082
2 0.7037151702786377 0.4465573770491803 0.060061919504643964 0.06950819672131148
2 0.36408668730650157 0.18524590163934426 0.03591331269349845 0.05442622950819672
2 0.2195046439628483 0.2419672131147541 0.06625386996904024 0.06295081967213115
2 0.5309597523219814 0.2062295081967213 0.06377708978328174 0.08459016393442623
2 0.6157894736842106 0.5209836065573771 0.06130030959752322 0.05573770491803279
2 0.5705882352941176 0.3560655737704918 0.051393188854489166 0.0839344262295082
2 0.5647058823529412 0.2318032786885246 0.07058823529411765 0.07540983606557378
2 0.6631578947368421 0.679016393442623 0.06811145510835913 0.05573770491803279
2 0.8888544891640867 0.7206557377049181 0.04643962848297214 0.07344262295081967
2 0.5804953560371517 0.024262295081967214 0.06996904024767801 0.04590163934426229
2 0.27492260061919505 0.37868852459016394 0.06439628482972136 0.03344262295081967
2 0.23374613003095976 0.15081967213114755 0.06873065015479876 0.05508196721311476
2 0.4563467492260062 0.24918032786885247 0.06068111455108359 0.05377049180327869
2 0.2823529411764706 0.3081967213114754 0.05944272445820433 0.07081967213114754
2 0.5374613003095975 0.5639344262295082 0.047058823529411764 0.06688524590163934
2 0.7201238390092879 0.7986885245901639 0.06068111455108359 0.051147540983606556
2 0.9696594427244583 0.7865573770491803 0.05572755417956656 0.057049180327868855
2 0.5179566563467493 0.5291803278688525 0.05263157894736842 0.06426229508196721
2 0.25077399380804954 0.2937704918032787 0.05696594427244582 0.04721311475409836
2 0.8798761609907121 0.6360655737704918 0.06068111455108359 0.05245901639344262
2 0.9235294117647059 0.5013114754098361 0.05386996904024768 0.07016393442622951
2 0.9569659442724459 0.46 0.06253869969040247 0.04786885245901639
2 0.8204334365325078 0.521311475409836 0.06191950464396285 0.04590163934426229
2 0.9015479876160991 0.6019672131147541 0.05077399380804953 0.049836065573770495
2 0.9359133126934984 0.6268852459016393 0.03900928792569659 0.05901639344262295
2 0.8238390092879257 0.840983606557377 0.06749226006191951 0.03344262295081967
2 0.6891640866873066 0.7826229508196721 0.05325077399380805 0.03475409836065574
2 0.5931888544891641 0.739344262295082 0.04086687306501548 0.06885245901639345
2 0.4681114551083591 0.6452459016393443 0.05201238390092879 0.05245901639344262
2 0.43374613003095974 0.6118032786885246 0.04396284829721362 0.051147540983606556
2 0.4052631578947368 0.598688524590164 0.05386996904024768 0.05639344262295082
2 0.6489164086687307 0.3777049180327869 0.06687306501547988 0.06557377049180328
2 0.6414860681114551 0.41475409836065574 0.06191950464396285 0.04918032786885246
2 0.46904024767801855 0.3977049180327869 0.04767801857585139 0.06491803278688525
2 0.3959752321981424 0.15901639344262294 0.04891640866873065 0.06229508196721312
2 0.23653250773993809 0.340327868852459 0.05572755417956656 0.06163934426229508
2 0.3253869969040248 0.42065573770491804 0.04643962848297214 0.050491803278688525
2 0.2959752321981424 0.42032786885245904 0.05572755417956656 0.0380327868852459
2 0.5191950464396284 0.40524590163934426 0.06501547987616099 0.043278688524590166
2 0.5145510835913313 0.44098360655737706 0.05325077399380805 0.043934426229508196
2 0.19814241486068113 0.1701639344262295 0.03591331269349845 0.04918032786885246