2 0.22854691075514874 0.1891025641025641 0.07837528604118993 0.07435897435897436
2 0.5660755148741419 0.12275641025641025 0.05892448512585812 0.0967948717948718
2 0.3847254004576659 0.08012820512820513 0.07837528604118993 0.07435897435897436
2 0.7634439359267735 0.694551282051282 0.06578947368421052 0.11217948717948718
2 0.7368421052631579 0.4894230769230769 0.06864988558352403 0.07756410256410257
2 0.2236842105263158 0.03397435897435897 0.08581235697940504 0.06538461538461539
2 0.6447368421052632 0.26826923076923076 0.06864988558352403 0.09038461538461538
2 0.8850114416475973 0.6112179487179488 0.09267734553775744 0.051923076923076926
2 0.6395881006864989 0.6256410256410256 0.07093821510297482 0.1
2 0.5383295194508009 0.6330128205128205 0.06521739130434782 0.08782051282051281
2 0.5677917620137299 0.5121794871794871 0.055491990846681924 0.08076923076923077
2 0.6639016018306636 0.34262820512820513 0.08638443935926773 0.0673076923076923
2 0.8112128146453089 0.6625 0.07437070938215103 0.060897435897435896
2 0.6916475972540046 0.5416666666666666 0.06521739130434782 0.07179487179487179
2 0.6255720823798627 0.5259615384615385 0.04977116704805492 0.05448717948717949
2 0.221395881006865 0.08685897435897436 0.08352402745995423 0.04423076923076923
2 0.2128146453089245 0.1294871794871795 0.04576659038901602 0.041025641025641026
1 0.22282608695652173 0.19935897435897437 0.02116704805491991 0.03205128205128205
0 0.2225400457665904 0.12051282051282051 0.030892448512585814 0.029487179487179487
0 0.21910755148741418 0.0919871794871795 0.02288329519450801 0.03397435897435897
1 0.21624713958810068 0.02532051282051282 0.028604118993135013 0.032692307692307694
1 0.3847254004576659 0.08814102564102565 0.02459954233409611 0.027564102564102563
0 0.5717963386727689 0.12307692307692308 0.031464530892448515 0.03076923076923077
0 0.6493135011441648 0.2746794871794872 0.030892448512585814 0.03012820512820513
1 0.6613272311212814 0.3330128205128205 0.020594965675057208 0.035256410256410256
0 0.7445652173913043 0.49903846153846154 0.03032036613272311 0.03012820512820513
1 0.6922196796338673 0.5397435897435897 0.02631578947368421 0.029487179487179487
0 0.647883295194508 0.6246794871794872 0.03718535469107551 0.03141025641025641
1 0.5366132723112128 0.6346153846153846 0.02517162471395881 0.028205128205128206
0 0.5806636155606407 0.5150641025641025 0.029748283752860413 0.027564102564102563
0 0.7494279176201373 0.6951923076923077 0.032036613272311214 0.03397435897435897
1 0.8117848970251716 0.6615384615384615 0.02517162471395881 0.028205128205128206
1 0.8835812356979404 0.625 0.02459954233409611 0.028205128205128206