2 0.2980225988700565 0.4302575107296137 0.07768361581920905 0.10515021459227468
2 0.419138418079096 0.6325107296137339 0.07274011299435028 0.09334763948497854
2 0.5480225988700564 0.4560085836909871 0.07203389830508475 0.12446351931330472
2 0.5981638418079096 0.35783261802575106 0.1059322033898305 0.08476394849785408
2 0.5021186440677966 0.11963519313304721 0.08898305084745763 0.09763948497854077
2 0.519774011299435 0.20815450643776823 0.06073446327683616 0.08798283261802575
2 0.457274011299435 0.2526824034334764 0.09110169491525423 0.0740343347639485
2 0.4530367231638418 0.39914163090128757 0.0826271186440678 0.09227467811158799
2 0.3361581920903955 0.34549356223175964 0.07909604519774012 0.0815450643776824
2 0.2634180790960452 0.30150214592274677 0.096045197740113 0.07510729613733906
2 0.5409604519774012 0.32135193133047213 0.08615819209039548 0.09120171673819742
2 0.4791666666666667 0.31759656652360513 0.06002824858757062 0.07725321888412018
2 0.6426553672316384 0.8052575107296137 0.05649717514124294 0.1405579399141631
2 0.681497175141243 0.9045064377682404 0.09745762711864407 0.07939914163090128
2 0.89795197740113 0.903969957081545 0.0557909604519774 0.10193133047210301
2 0.794138418079096 0.8578326180257511 0.057203389830508475 0.15128755364806867
2 0.7768361581920904 0.8159871244635193 0.03389830508474576 0.06759656652360516
2 0.7245762711864406 0.8347639484978541 0.07909604519774012 0.07296137339055794
2 0.7634180790960452 0.5005364806866953 0.0748587570621469 0.11695278969957082
2 0.13771186440677965 0.3369098712446352 0.046610169491525424 0.08583690987124463
2 0.5769774011299436 0.7580472103004292 0.06073446327683616 0.09334763948497854
2 0.542725988700565 0.8578326180257511 0.06850282485875706 0.048283261802575105
2 0.6239406779661016 0.7108369098712446 0.05861581920903955 0.09334763948497854
2 0.8117937853107344 0.569206008583691 0.06285310734463277 0.1276824034334764
2 0.7598870056497176 0.5574034334763949 0.05367231638418079 0.06330472103004292
2 0.7817796610169492 0.31706008583690987 0.04943502824858757 0.08476394849785408
2 0.3230932203389831 0.24839055793991416 0.07556497175141243 0.10407725321888411
2 0.4445621468926554 0.4543991416309013 0.057203389830508475 0.048283261802575105
0 0.9032485875706214 0.8927038626609443 0.02401129943502825 0.04291845493562232
1 0.775776836158192 0.8347639484978541 0.019067796610169493 0.0407725321888412
1 0.6754943502824858 0.8868025751072961 0.023305084745762712 0.043991416309012876
1 0.724223163841808 0.8551502145922747 0.033192090395480225 0.04291845493562232
0 0.53954802259887 0.8610515021459227 0.02401129943502825 0.043991416309012876
1 0.5677966101694916 0.7623390557939914 0.02824858757062147 0.03755364806866953
1 0.6126412429378532 0.7076180257510729 0.02754237288135593 0.03755364806866953
0 0.7521186440677966 0.5048283261802575 0.03389830508474576 0.048283261802575105
0 0.7934322033898306 0.5804721030042919 0.0346045197740113 0.045064377682403435
0 0.4152542372881356 0.64431330472103 0.026836158192090395 0.048283261802575105
0 0.3001412429378531 0.4061158798283262 0.026836158192090395 0.05472103004291846
1 0.3365112994350282 0.35675965665236054 0.026129943502824857 0.048283261802575105
1 0.2665960451977401 0.32457081545064376 0.02754237288135593 0.0611587982832618
1 0.3237994350282486 0.24892703862660945 0.03036723163841808 0.045064377682403435
0 0.457274011299435 0.44527896995708155 0.03177966101694915 0.03862660944206009
0 0.4502118644067797 0.40879828326180256 0.02754237288135593 0.05793991416309013
1 0.5861581920903954 0.3395922746781116 0.02824858757062147 0.05686695278969957
0 0.5338983050847458 0.3363733905579399 0.02824858757062147 0.05686695278969957
1 0.4583333333333333 0.27467811158798283 0.026836158192090395 0.04721030042918455
1 0.4894067796610169 0.31813304721030045 0.022598870056497175 0.03969957081545064
2 0.5406073446327684 0.2494635193133047 0.048728813559322036 0.08690987124463519
0 0.528954802259887 0.2607296137339056 0.031073446327683617 0.05150214592274678
0 0.5024717514124294 0.10407725321888411 0.028954802259887006 0.055793991416309016
0 0.14653954802259886 0.3186695278969957 0.026129943502824857 0.0536480686695279
0 0.7658898305084746 0.3395922746781116 0.024717514124293787 0.043991416309012876
1 0.8029661016949152 0.8621244635193133 0.02401129943502825 0.03540772532188841
1 0.6588983050847458 0.8074034334763949 0.03531073446327684 0.046137339055793994