2 0.2134948096885813 0.2163157894736842 0.08235294117647059 0.10421052631578948
2 0.5269896193771626 0.12421052631578948 0.0809688581314879 0.13052631578947368
2 0.039792387543252594 0.6984210526315789 0.0657439446366782 0.1168421052631579
2 0.5141868512110727 0.36526315789473685 0.08581314878892733 0.0863157894736842
2 0.7086505190311418 0.6205263157894737 0.08442906574394464 0.1
2 0.58719723183391 0.9268421052631579 0.04913494809688582 0.12947368421052632
2 0.6380622837370242 0.05947368421052632 0.05951557093425606 0.11263157894736842
2 0.5854671280276816 0.06157894736842105 0.05813148788927336 0.07263157894736842
2 0.17128027681660898 0.7542105263157894 0.0685121107266436 0.1168421052631579
2 0.11972318339100346 0.9173684210526316 0.07474048442906574 0.09368421052631579
2 0.2910034602076125 0.7036842105263158 0.07128027681660899 0.11473684210526315
2 0.2532871972318339 0.92 0.05397923875432526 0.07157894736842105
2 0.4491349480968858 0.5910526315789474 0.08027681660899653 0.1568421052631579
2 0.4716262975778547 0.4431578947368421 0.058823529411764705 0.06526315789473684
2 0.532871972318339 0.5442105263157895 0.07335640138408304 0.07368421052631578
2 0.497923875432526 0.5831578947368421 0.0629757785467128 0.0863157894736842
2 0.32422145328719726 0.6036842105263158 0.08512110726643599 0.07263157894736842
2 0.6927335640138408 0.2536842105263158 0.08858131487889273 0.09894736842105263
2 0.9290657439446367 0.47210526315789475 0.04359861591695502 0.08947368421052632
2 0.6505190311418685 0.1636842105263158 0.08719723183391004 0.08315789473684211
2 0.6318339100346021 0.2168421052631579 0.04982698961937716 0.08421052631578947
2 0.5238754325259516 0.4626315789473684 0.08581314878892733 0.08105263157894736
2 0.39342560553633216 0.9621052631578947 0.08788927335640138 0.07157894736842105
2 0.3103806228373702 0.95 0.057439446366782006 0.07894736842105263
2 0.328719723183391 0.9263157894736842 0.04013840830449827 0.08421052631578947
0 0.6927335640138408 0.62 0.03875432525951557 0.04842105263157895
1 0.12318339100346021 0.9089473684210526 0.02629757785467128 0.03894736842105263
1 0.9314878892733564 0.48947368421052634 0.020761245674740483 0.035789473684210524
0 0.6813148788927336 0.25842105263157894 0.02837370242214533 0.06421052631578947
1 0.6515570934256055 0.15578947368421053 0.02422145328719723 0.042105263157894736
1 0.6342560553633217 0.060526315789473685 0.031141868512110725 0.03684210526315789
0 0.5273356401384083 0.11842105263157894 0.03321799307958478 0.034736842105263156
0 0.5740484429065744 0.07263157894736842 0.02698961937716263 0.035789473684210524
1 0.21660899653979238 0.21894736842105264 0.02906574394463668 0.04
1 0.5124567474048443 0.3678947368421053 0.02975778546712803 0.04105263157894737
1 0.4875432525951557 0.43157894736842106 0.02698961937716263 0.031578947368421054
0 0.5058823529411764 0.4531578947368421 0.02768166089965398 0.0431578947368421
1 0.527681660899654 0.5536842105263158 0.02422145328719723 0.04631578947368421
0 0.5093425605536333 0.5947368421052631 0.035986159169550176 0.03368421052631579
0 0.4643598615916955 0.5963157894736842 0.04152249134948097 0.04105263157894737
0 0.341522491349481 0.5852631578947368 0.03529411764705882 0.037894736842105266
0 0.3027681660899654 0.7036842105263158 0.04498269896193772 0.03684210526315789
0 0.18269896193771626 0.7505263157894737 0.035986159169550176 0.037894736842105266
0 0.24463667820069204 0.9357894736842105 0.02422145328719723 0.042105263157894736
0 0.3892733564013841 0.9447368421052632 0.02422145328719723 0.03894736842105263
0 0.29411764705882354 0.9389473684210526 0.035986159169550176 0.035789473684210524
2 0.386159169550173 0.8705263157894737 0.047058823529411764 0.05052631578947368
0 0.37162629757785465 0.8821052631578947 0.02629757785467128 0.035789473684210524
2 0.38823529411764707 0.7347368421052631 0.06366782006920416 0.07789473684210527
0 0.3332179930795848 0.9473684210526315 0.02698961937716263 0.05263157894736842
1 0.6422145328719723 0.22210526315789475 0.022145328719723183 0.037894736842105266