2 0.476216814159292 0.6173285198555957 0.09845132743362832 0.098676293622142
2 0.4823008849557522 0.09687123947051744 0.084070796460177 0.09025270758122744
2 0.2372787610619469 0.08784596871239471 0.09402654867256637 0.06498194945848375
2 0.3329646017699115 0.05595667870036101 0.059734513274336286 0.09025270758122744
2 0.30586283185840707 0.09386281588447654 0.09845132743362832 0.06498194945848375
2 0.2948008849557522 0.6588447653429603 0.07853982300884955 0.0950661853188929
2 0.2157079646017699 0.6275571600481348 0.084070796460177 0.08543922984356198
2 0.8821902654867256 0.7906137184115524 0.08960176991150443 0.07220216606498195
2 0.8368362831858407 0.4290012033694344 0.07190265486725664 0.056558363417569195
2 0.956858407079646 0.8381468110709988 0.05530973451327434 0.11432009626955475
2 0.9214601769911505 0.7268351383874849 0.09513274336283185 0.05776173285198556
2 0.6515486725663717 0.6883273164861613 0.05088495575221239 0.10830324909747292
2 0.5907079646017699 0.9217809867629362 0.06858407079646017 0.07942238267148015
2 0.6067477876106194 0.09987966305655836 0.04535398230088496 0.07701564380264742
0 0.22621681415929204 0.6077015643802648 0.034292035398230086 0.048134777376654635
1 0.29646017699115046 0.6582430806257521 0.03761061946902655 0.03369434416365824
0 0.478429203539823 0.598676293622142 0.034292035398230086 0.05415162454873646
1 0.6338495575221239 0.681107099879663 0.028761061946902654 0.031287605294825514
1 0.581858407079646 0.927797833935018 0.028761061946902654 0.031287605294825514
1 0.9690265486725663 0.8333333333333334 0.028761061946902654 0.03730445246690734
0 0.8921460176991151 0.7749699157641395 0.03650442477876106 0.04332129963898917
0 0.8213495575221239 0.4157641395908544 0.034292035398230086 0.02527075812274368
1 0.9231194690265486 0.7099879663056559 0.029867256637168143 0.03850782190132371
0 0.23783185840707965 0.10048134777376655 0.02654867256637168 0.044524669073405534
0 0.3064159292035398 0.07882069795427196 0.030973451327433628 0.049338146811071
1 0.3456858407079646 0.05415162454873646 0.034292035398230086 0.03369434416365824
1 0.47898230088495575 0.08604091456077016 0.02654867256637168 0.039711191335740074
2 0.8733407079646017 0.614921780986763 0.049778761061946904 0.07460890493381468
0 0.8611725663716814 0.6125150421179302 0.032079646017699116 0.03369434416365824
2 0.7837389380530974 0.5306859205776173 0.07411504424778761 0.06257521058965103
1 0.790929203539823 0.516245487364621 0.028761061946902654 0.04091456077015644
1 0.6167035398230089 0.0914560770156438 0.02101769911504425 0.036101083032490974
2 0.4518805309734513 0.025872442839951864 0.07190265486725664 0.03730445246690734
1 0.4435840707964602 0.021660649819494584 0.028761061946902654 0.024067388688327317
2 0.6548672566371682 0.4789410348977136 0.05088495575221239 0.048134777376654635
2 0.6786504424778761 0.49578820697954273 0.05641592920353982 0.06738868832731648
2 0.8561946902654868 0.5433212996389891 0.05752212389380531 0.07821901323706378
2 0.9574115044247787 0.4993983152827918 0.051991150442477874 0.06016847172081829