2 0.38006756756756754 0.5441433566433567 0.060810810810810814 0.06905594405594405
2 0.0464527027027027 0.7207167832167832 0.08783783783783784 0.06905594405594405
2 0.036317567567567564 0.6346153846153846 0.06418918918918919 0.06643356643356643
2 0.7242398648648649 0.6638986013986014 0.06503378378378379 0.08479020979020979
2 0.2989864864864865 0.9173951048951049 0.05912162162162162 0.06381118881118882
2 0.1545608108108108 0.7071678321678322 0.08445945945945946 0.04895104895104895
2 0.29011824324324326 0.30288461538461536 0.10557432432432433 0.0673076923076923
2 0.24239864864864866 0.9484265734265734 0.057432432432432436 0.05244755244755245
2 0.19721283783783783 0.9567307692307693 0.06503378378378379 0.056818181818181816
2 0.6951013513513513 0.45236013986013984 0.06587837837837837 0.06905594405594405
2 0.30067567567567566 0.243006993006993 0.05912162162162162 0.07342657342657342
2 0.34966216216216217 0.19667832167832167 0.04391891891891892 0.08216783216783216
2 0.09628378378378379 0.3631993006993007 0.08952702702702703 0.08129370629370629
2 0.2939189189189189 0.5625 0.07601351351351351 0.06905594405594405
2 0.44467905405405406 0.4458041958041958 0.05320945945945946 0.07167832167832168
2 0.9303209459459459 0.26267482517482516 0.06503378378378379 0.08653846153846154
2 0.8614864864864865 0.4597902097902098 0.037162162162162164 0.0472027972027972
2 0.4092060810810811 0.9047202797202797 0.041385135135135136 0.07167832167832168
2 0.2719594594594595 0.3937937062937063 0.04560810810810811 0.06555944055944056
2 0.27111486486486486 0.4493006993006993 0.07939189189189189 0.06468531468531469
0 0.9184966216216216 0.26704545454545453 0.03800675675675676 0.03583916083916084
1 0.7141047297297297 0.6643356643356644 0.036317567567567564 0.03496503496503497
0 0.4328547297297297 0.4519230769230769 0.02787162162162162 0.04195804195804196
0 0.3416385135135135 0.18924825174825174 0.032939189189189186 0.028846153846153848
1 0.29771959459459457 0.24694055944055945 0.02956081081081081 0.028846153846153848
0 0.2846283783783784 0.32036713286713286 0.03209459459459459 0.04632867132867133
0 0.26309121621621623 0.3981643356643357 0.02956081081081081 0.032342657342657344
1 0.26984797297297297 0.45323426573426573 0.03462837837837838 0.032342657342657344
0 0.39653716216216217 0.5546328671328671 0.03800675675675676 0.028846153846153848
1 0.28885135135135137 0.548951048951049 0.02702702702702703 0.033216783216783216
0 0.15498310810810811 0.7180944055944056 0.02787162162162162 0.044580419580419584
1 0.04391891891891892 0.7347027972027972 0.030405405405405407 0.044580419580419584
1 0.7136824324324325 0.45236013986013984 0.033783783783783786 0.030594405594405596
2 0.7804054054054054 0.31774475524475526 0.04222972972972973 0.039335664335664336
2 0.5050675675675675 0.1271853146853147 0.048986486486486486 0.039335664335664336
2 0.504222972972973 0.08304195804195805 0.04560810810810811 0.045454545454545456