2 0.7890037593984962 0.5872395833333334 0.047932330827067667 0.1032986111111111
2 0.912124060150376 0.7890625 0.08740601503759399 0.046875
2 0.9356203007518797 0.75 0.05733082706766917 0.0642361111111111
2 0.28712406015037595 0.4266493055555556 0.07048872180451128 0.08940972222222222
2 0.29699248120300753 0.2170138888888889 0.09398496240601503 0.10416666666666667
2 0.16024436090225563 0.1974826388888889 0.07048872180451128 0.06684027777777778
2 0.6278195488721805 0.5299479166666666 0.08646616541353383 0.10850694444444445
2 0.6240601503759399 0.6375868055555556 0.08082706766917293 0.10677083333333333
2 0.4281015037593985 0.5121527777777778 0.07236842105263158 0.08680555555555555
2 0.5380639097744361 0.6128472222222222 0.09680451127819549 0.08854166666666667
2 0.4168233082706767 0.3967013888888889 0.09304511278195489 0.0763888888888889
2 0.6870300751879699 0.8029513888888888 0.07894736842105263 0.0763888888888889
2 0.518796992481203 0.8077256944444444 0.07894736842105263 0.08246527777777778
2 0.4680451127819549 0.8016493055555556 0.06954887218045112 0.08246527777777778
2 0.6738721804511278 0.7230902777777778 0.06578947368421052 0.07465277777777778
2 0.7260338345864662 0.7482638888888888 0.08740601503759399 0.0625
2 0.03853383458646616 0.34765625 0.05639097744360902 0.042534722222222224
2 0.18703007518796994 0.041666666666666664 0.08646616541353383 0.043402777777777776
2 0.21804511278195488 0.4127604166666667 0.08082706766917293 0.09288194444444445
2 0.31390977443609025 0.5490451388888888 0.09022556390977443 0.08246527777777778
2 0.34351503759398494 0.6436631944444444 0.05169172932330827 0.08246527777777778
2 0.46616541353383456 0.4544270833333333 0.07518796992481203 0.10677083333333333
2 0.3148496240601504 0.4752604166666667 0.06954887218045112 0.059895833333333336
1 0.9304511278195489 0.7730034722222222 0.03383458646616541 0.035590277777777776
1 0.8782894736842105 0.8055555555555556 0.03665413533834586 0.03819444444444445
1 0.4816729323308271 0.7938368055555556 0.03853383458646616 0.033854166666666664
1 0.5046992481203008 0.8107638888888888 0.03759398496240601 0.041666666666666664
1 0.6569548872180451 0.7486979166666666 0.039473684210526314 0.030381944444444444
0 0.7965225563909775 0.5481770833333334 0.040413533834586464 0.05295138888888889
1 0.6785714285714286 0.7986111111111112 0.039473684210526314 0.03298611111111111
1 0.34774436090225563 0.6467013888888888 0.03383458646616541 0.036458333333333336
0 0.3106203007518797 0.5646701388888888 0.040413533834586464 0.05295138888888889
1 0.4224624060150376 0.5069444444444444 0.03665413533834586 0.03819444444444445
2 0.35291353383458646 0.5538194444444444 0.07612781954887218 0.08680555555555555
1 0.35526315789473684 0.5525173611111112 0.03195488721804511 0.035590277777777776
1 0.40648496240601506 0.3993055555555556 0.040413533834586464 0.034722222222222224
1 0.2781954887218045 0.4162326388888889 0.03195488721804511 0.03732638888888889
0 0.15977443609022557 0.0234375 0.046992481203007516 0.03993055555555555
1 0.30968045112781956 0.2048611111111111 0.040413533834586464 0.03819444444444445
1 0.05263157894736842 0.3359375 0.039473684210526314 0.03298611111111111
1 0.14473684210526316 0.1875 0.03007518796992481 0.036458333333333336