2 0.6100104275286757 0.6137884872824632 0.15224191866527634 0.06961178045515395
2 0.24504692387904067 0.5773092369477911 0.09176225234619395 0.059571619812583666
2 0.7017726798748697 0.4243641231593039 0.10427528675703858 0.05220883534136546
2 0.643378519290928 0.67904953145917 0.1251303441084463 0.06894243641231593
2 0.7700729927007299 0.713186077643909 0.12408759124087591 0.06091030789825971
2 0.7732012513034411 0.7566934404283802 0.1616266944734098 0.06091030789825971
2 0.9348279457768509 0.7285809906291834 0.09697601668404589 0.05823293172690763
2 0.30656934306569344 0.6656626506024096 0.10636079249217935 0.06224899598393574
2 0.19655891553701774 0.6629852744310576 0.11366006256517205 0.07295850066934405
2 0.06412930135557873 0.7202141900937081 0.09071949947862357 0.08701472556894244
2 0.16475495307612095 0.6020749665327979 0.1251303441084463 0.048862115127175365
0 0.6840458811261731 0.4384203480589023 0.06256517205422316 0.028112449799196786
1 0.09332638164754953 0.7259036144578314 0.049009384775808136 0.02744310575635877
0 0.17361835245046925 0.6740294511378849 0.05735140771637122 0.03614457831325301
1 0.16944734098018768 0.6144578313253012 0.0364963503649635 0.03346720214190094
1 0.2591240875912409 0.5739625167336011 0.04483837330552659 0.02744310575635877
1 0.3096976016684046 0.6726907630522089 0.03962460896767466 0.0321285140562249
2 0.2977059436913452 0.6238286479250335 0.14911366006256518 0.04685408299866131
1 0.2924921793534932 0.6137884872824632 0.03441084462982273 0.0321285140562249
0 0.6042752867570386 0.5983935742971888 0.04483837330552659 0.041499330655957165
0 0.6230448383733055 0.6921017402945113 0.05526590198123045 0.030789825970548863
0 0.7732012513034411 0.7215528781793842 0.051094890510948905 0.03346720214190094
0 0.7883211678832117 0.7697456492637216 0.043795620437956206 0.04417670682730924
0 0.9468196037539103 0.7222222222222222 0.047966631908237745 0.029451137884872823