2 0.8416501976284585 0.6525096525096525 0.04496047430830039 0.05405405405405406
2 0.8700592885375494 0.5463320463320464 0.04743083003952569 0.06563706563706563
2 0.17910079051383399 0.824967824967825 0.04792490118577075 0.06048906048906049
2 0.904891304347826 0.4144144144144144 0.06669960474308301 0.06563706563706563
2 0.7961956521739131 0.6782496782496783 0.050889328063241104 0.06177606177606178
2 0.38290513833992096 0.7065637065637066 0.058300395256917 0.08236808236808237
2 0.682806324110672 0.49871299871299873 0.04940711462450593 0.06048906048906049
2 0.6173418972332015 0.4276061776061776 0.04891304347826087 0.05083655083655084
2 0.27939723320158105 0.6888674388674388 0.04199604743083004 0.04568854568854569
2 0.23863636363636365 0.7084942084942085 0.02766798418972332 0.059202059202059204
2 0.21862648221343872 0.7113899613899614 0.02717391304347826 0.05855855855855856
2 0.1267292490118577 0.6695624195624196 0.030138339920948616 0.059845559845559844
2 0.10869565217391304 0.7152509652509652 0.03260869565217391 0.064993564993565
2 0.20454545454545456 0.7574002574002574 0.039525691699604744 0.08108108108108109
2 0.6287055335968379 0.9527027027027027 0.0400197628458498 0.0637065637065637
2 0.79100790513834 0.16795366795366795 0.06126482213438735 0.06177606177606178
2 0.8065711462450593 0.05727155727155727 0.050889328063241104 0.07593307593307594
2 0.5427371541501976 0.09749034749034749 0.051877470355731224 0.052123552123552123
2 0.28038537549407117 0.603925353925354 0.026185770750988144 0.06241956241956242