2 0.4041289592760181 0.6406048906048906 0.06278280542986425 0.07786357786357787
2 0.8803733031674208 0.527027027027027 0.060520361990950226 0.0682110682110682
2 0.791289592760181 0.25353925353925355 0.05542986425339366 0.06306306306306306
2 0.6080316742081447 0.6512226512226512 0.05090497737556561 0.05662805662805663
2 0.5865384615384616 0.8214285714285714 0.06900452488687783 0.07915057915057915
2 0.8574660633484162 0.6946589446589446 0.058823529411764705 0.06756756756756757
2 0.7364253393665159 0.3963963963963964 0.05203619909502263 0.05405405405405406
2 0.8054298642533937 0.5743243243243243 0.04411764705882353 0.04568854568854569
2 0.478789592760181 0.7570785070785071 0.05260180995475113 0.05727155727155727
2 0.5152714932126696 0.8278635778635779 0.058823529411764705 0.07142857142857142
2 0.9445701357466063 0.28346203346203347 0.053167420814479636 0.06885456885456885
2 0.6136877828054299 0.5768983268983269 0.03733031674208145 0.064993564993565
2 0.6134049773755657 0.724903474903475 0.04807692307692308 0.0444015444015444
2 0.682975113122172 0.3156370656370656 0.04242081447963801 0.07142857142857142
2 0.3475678733031674 0.9343629343629344 0.05260180995475113 0.08236808236808237
2 0.7044683257918553 0.8564993564993565 0.05260180995475113 0.08365508365508366
2 0.6470588235294118 0.4877734877734878 0.04638009049773756 0.07078507078507079
2 0.5616515837104072 0.6666666666666666 0.03619909502262444 0.04247104247104247
2 0.8981900452488688 0.675997425997426 0.04638009049773756 0.074002574002574
2 0.5390271493212669 0.6171171171171171 0.03959276018099547 0.05148005148005148
2 0.6761877828054299 0.7564350064350064 0.05260180995475113 0.0444015444015444
2 0.5500565610859729 0.5411840411840412 0.051470588235294115 0.06563706563706563
2 0.977658371040724 0.49356499356499356 0.04355203619909502 0.047619047619047616
2 0.6660067873303167 0.8507078507078507 0.04355203619909502 0.06048906048906049
2 0.9369343891402715 0.6895109395109396 0.03676470588235294 0.0637065637065637
2 0.9785067873303167 0.6505791505791506 0.0418552036199095 0.05148005148005148
2 0.9804864253393665 0.6792149292149292 0.03789592760180995 0.04054054054054054
2 0.7451923076923077 0.5768983268983269 0.06165158371040724 0.06628056628056628
2 0.4199660633484163 0.7956885456885456 0.03902714932126697 0.04954954954954955
2 0.6507352941176471 0.6541184041184042 0.05373303167420815 0.05083655083655084
2 0.7794117647058824 0.4848777348777349 0.05429864253393665 0.06113256113256113
2 0.521210407239819 0.8780566280566281 0.04807692307692308 0.052123552123552123
2 0.6252828054298643 0.9755469755469756 0.050339366515837106 0.047619047619047616
2 0.9213800904977375 0.5334620334620335 0.04751131221719457 0.06435006435006435