2 0.2673444976076555 0.5198209718670077 0.08971291866028708 0.10358056265984655
2 0.6154306220095693 0.23785166240409208 0.07057416267942583 0.0741687979539642
2 0.784688995215311 0.3414322250639386 0.12679425837320574 0.10997442455242967
2 0.9174641148325359 0.2864450127877238 0.12200956937799043 0.08951406649616368
2 0.6626794258373205 0.9040920716112532 0.0861244019138756 0.1278772378516624
2 0.7811004784688995 0.7915601023017903 0.08133971291866028 0.12020460358056266
2 0.7936602870813397 0.5210997442455243 0.07775119617224881 0.11636828644501279
2 0.8582535885167464 0.579923273657289 0.07057416267942583 0.10358056265984655
2 0.8092105263157895 0.6265984654731458 0.06818181818181818 0.07161125319693094
2 0.4688995215311005 0.7583120204603581 0.09569377990430622 0.12276214833759591
2 0.3929425837320574 0.7525575447570333 0.12799043062200957 0.07800511508951406
2 0.3199760765550239 0.6924552429667519 0.1375598086124402 0.09846547314578005
2 0.20035885167464115 0.8101023017902813 0.10406698564593302 0.14194373401534527
2 0.07655502392344497 0.9021739130434783 0.08133971291866028 0.10613810741687979
2 0.17703349282296652 0.620843989769821 0.08851674641148326 0.05754475703324808
2 0.229066985645933 0.6099744245524297 0.08971291866028708 0.05115089514066496
2 0.3229665071770335 0.6112531969309463 0.07655502392344497 0.07161125319693094
2 0.3229665071770335 0.5562659846547314 0.06698564593301436 0.06905370843989769
1 0.9240430622009569 0.26918158567774936 0.029904306220095694 0.0370843989769821
1 0.6100478468899522 0.25 0.028708133971291867 0.0370843989769821
0 0.7918660287081339 0.3273657289002558 0.0430622009569378 0.05115089514066496
0 0.7661483253588517 0.7928388746803069 0.041866028708133975 0.04092071611253197
1 0.48145933014354064 0.7666240409207161 0.03708133971291866 0.03964194373401535
1 0.39354066985645936 0.7301790281329923 0.03110047846889952 0.03836317135549872
0 0.32476076555023925 0.6668797953964194 0.041866028708133975 0.06265984654731457
1 0.2631578947368421 0.5140664961636828 0.03349282296650718 0.03580562659846547
1 0.21889952153110048 0.809462915601023 0.0430622009569378 0.03836317135549872
1 0.056818181818181816 0.9034526854219949 0.03708133971291866 0.034526854219948847
1 0.7936602870813397 0.5108695652173914 0.034688995215311005 0.04219948849104859
0 0.8289473684210527 0.6138107416879796 0.03110047846889952 0.03324808184143223
1 0.8630382775119617 0.5786445012787724 0.03229665071770335 0.029411764705882353