2 0.09563409563409564 0.7329662766689607 0.06791406791406791 0.07019958706125258
2 0.30838530838530837 0.4267033723331039 0.0693000693000693 0.053682037164487266
2 0.5062370062370062 0.508602890571232 0.06444906444906445 0.06469373709566414
2 0.20131670131670132 0.5313145216792843 0.058905058905058906 0.08534067446662079
2 0.3087318087318087 0.5478320715760495 0.056133056133056136 0.05918788713007571
2 0.19057519057519057 0.669993117687543 0.07761607761607761 0.048864418444597386
0 0.49099099099099097 0.5192704748795596 0.03257103257103257 0.0364762560220234
1 0.3180873180873181 0.4225739848589126 0.030492030492030493 0.030282174810736407
0 0.3076923076923077 0.5505849965588437 0.02772002772002772 0.02752924982794219
1 0.19369369369369369 0.6603578802477632 0.02702702702702703 0.029593943565037854
1 0.08212058212058213 0.7291810048176187 0.028413028413028413 0.024088093599449415