2 0.4835069444444444 0.2106060606060606 0.08680555555555555 0.1101010101010101
2 0.9223090277777778 0.9242424242424242 0.10503472222222222 0.09494949494949495
2 0.6514756944444444 0.39545454545454545 0.09114583333333333 0.0898989898989899
2 0.2608506944444444 0.0595959595959596 0.08072916666666667 0.07676767676767676
2 0.2643229166666667 0.26666666666666666 0.044270833333333336 0.09696969696969697
2 0.09505208333333333 0.47525252525252526 0.0842013888888889 0.09191919191919191
2 0.6549479166666666 0.3297979797979798 0.11371527777777778 0.06565656565656566
0 0.9305555555555556 0.9176767676767676 0.034722222222222224 0.045454545454545456
1 0.0881076388888889 0.47929292929292927 0.033854166666666664 0.045454545454545456
1 0.6467013888888888 0.397979797979798 0.03993055555555555 0.050505050505050504
1 0.6618923611111112 0.31414141414141417 0.035590277777777776 0.03636363636363636
0 0.4709201388888889 0.2111111111111111 0.049479166666666664 0.048484848484848485
1 0.2573784722222222 0.295959595959596 0.028645833333333332 0.03636363636363636
0 0.2690972222222222 0.06212121212121212 0.034722222222222224 0.043434343434343436