2 0.6838276440962507 0.1594577146546159 0.04029099048684947 0.04389928986442866
2 0.6729155008393957 0.6065203357004519 0.05763850027979855 0.07295029051000645
2 0.45747062115277 0.724661071659135 0.06659205372132065 0.05874757908327954
2 0.7271964185786234 0.21271788250484183 0.0621152770005596 0.07295029051000645
2 0.514829322887521 0.631375080697224 0.06603245663122552 0.05551969012265978
2 0.2778399552322328 0.9367333763718528 0.06659205372132065 0.0774693350548741
2 0.8226077224398433 0.07198192382182053 0.04364857302742026 0.057456423499031635
2 0.6331841074426413 0.5858618463524855 0.049804141018466704 0.07295029051000645
2 0.5844991606043649 0.6304067140090381 0.046446558477895916 0.04196255648805681
2 0.7118074986010072 0.5203357004519045 0.06267487409065473 0.07876049063912201
2 0.2148852825965305 0.697224015493867 0.06155567991046446 0.07101355713363461
2 0.7783995523223279 0.118463524854745 0.04476776720761052 0.05487411233053583
2 0.36709569110240625 0.802775984506133 0.047006155567991044 0.05874757908327954
2 0.4003917179630666 0.7001291155584248 0.0318970341354225 0.045836023240800515
2 0.36961387800783435 0.29438347320852165 0.060996082820369335 0.05035506778566817
2 0.6748740906547286 0.10813428018076178 0.038052602126468944 0.052291801162040026
2 0.5072747621712367 0.48612007746933505 0.05204252937884723 0.046481601032924466
2 0.45775041969781755 0.5 0.05931729155008394 0.051000645577792124