2 0.20328719723183392 0.4084201388888889 0.08131487889273356 0.07725694444444445
2 0.6038062283737025 0.7326388888888888 0.04498269896193772 0.07118055555555555
2 0.3140138408304498 0.2838541666666667 0.0726643598615917 0.07291666666666667
2 0.2772491349480969 0.3133680555555556 0.08044982698961937 0.07291666666666667
2 0.9615051903114187 0.453125 0.06487889273356401 0.052083333333333336
2 0.6089965397923875 0.6089409722222222 0.04844290657439446 0.0685763888888889
2 0.6613321799307958 0.07769097222222222 0.13062283737024222 0.05642361111111111
2 0.8923010380622838 0.5724826388888888 0.078719723183391 0.0685763888888889
2 0.42214532871972316 0.8333333333333334 0.06055363321799308 0.059027777777777776
2 0.4615051903114187 0.15104166666666666 0.078719723183391 0.0625
1 0.611159169550173 0.7287326388888888 0.03027681660899654 0.030381944444444444
1 0.4217128027681661 0.8276909722222222 0.03546712802768166 0.030381944444444444
2 0.638840830449827 0.7508680555555556 0.061418685121107264 0.03298611111111111
0 0.6505190311418685 0.7534722222222222 0.03460207612456748 0.024305555555555556
2 0.3711072664359862 0.8498263888888888 0.05363321799307959 0.05381944444444445
0 0.38408304498269896 0.8576388888888888 0.02422145328719723 0.034722222222222224
0 0.21107266435986158 0.4166666666666667 0.03633217993079585 0.046875
1 0.3153114186851211 0.2860243055555556 0.03546712802768166 0.033854166666666664
0 0.47837370242214533 0.17057291666666666 0.0328719723183391 0.03211805555555555
1 0.9442041522491349 0.4622395833333333 0.028546712802768166 0.026909722222222224
0 0.615916955017301 0.6137152777777778 0.03460207612456748 0.034722222222222224
2 0.416522491349481 0.1909722222222222 0.05968858131487889 0.022569444444444444