2 0.4568062827225131 0.6310005783689995 0.07591623036649214 0.07518796992481203
2 0.7879581151832461 0.34384037015615965 0.07460732984293193 0.05725853094274147
2 0.23036649214659685 0.17582417582417584 0.06806282722513089 0.06940427993059572
2 0.8704188481675392 0.3302486986697513 0.06675392670157068 0.06477732793522267
2 0.9734947643979057 0.5587044534412956 0.05170157068062827 0.07403123192596876
2 0.9195026178010471 0.32128397917871604 0.06806282722513089 0.059572006940427996
2 0.22251308900523561 0.12030075187969924 0.10209424083769633 0.04626951995373048
2 0.2706151832460733 0.028050896471949104 0.05824607329842932 0.04337767495662233
2 0.2843586387434555 0.20011567379988432 0.05431937172774869 0.06362058993637941
1 0.4548429319371728 0.6289762868710237 0.034031413612565446 0.030653556969346442
1 0.9734947643979057 0.5644881434355119 0.03206806282722513 0.025448235974551765
0 0.856020942408377 0.32186234817813764 0.03926701570680628 0.02834008097165992