2 0.5991890205864004 0.26616746085772636 0.051777916406737366 0.04901293396868618
2 0.25733000623830316 0.6609938733832539 0.053025577043044295 0.059904697072838665
2 0.44510293200249534 0.3958475153165419 0.06051154086088584 0.04288631722260041
2 0.777292576419214 0.6987746766507829 0.043668122270742356 0.061946902654867256
2 0.5751715533374921 0.775357385976855 0.042420461634435434 0.055820285908781485
2 0.9644416718652526 0.2688904016337645 0.028696194635059263 0.043567052416609936
2 0.970991890205864 0.15486725663716813 0.043044291952588895 0.05241660993873383
2 0.3190892077354959 0.5422055820285909 0.040548970679975045 0.045609257998638526
2 0.7698066126013724 0.18481960517358748 0.047411104179663134 0.031994554118447927
2 0.8540237055520898 0.2780803267528931 0.02744853399875234 0.04288631722260041
2 0.7685589519650655 0.40197413206262766 0.03618215845290081 0.045609257998638526
2 0.7242669993761697 0.3808713410483322 0.02994385527136619 0.031994554118447927
2 0.7323767935121647 0.40707964601769914 0.031191515907673113 0.03267528931245745
2 0.9295071740486588 0.36181075561606535 0.039925140361821584 0.037440435670524165
2 0.9541484716157205 0.32368958475153164 0.040548970679975045 0.03471749489448604
2 0.846849656893325 0.15793056501021102 0.036805988771054274 0.03403675970047652
2 0.8050530255770431 0.1827773995915589 0.035558328134747345 0.04424778761061947
2 0.6859014348097318 0.28080326752893126 0.036805988771054274 0.05650102110279102
2 0.72613849033063 0.7086453369639211 0.039925140361821584 0.05854322668481961
2 0.7604491578290705 0.28965282505105516 0.05739238927011853 0.053778080326752895
2 0.5040548970679976 0.7545949625595644 0.044915782907049284 0.029271613342409804
2 0.5683094198378041 0.9169503063308373 0.058640049906425455 0.05445881552076242