2 0.6000816993464052 0.12258064516129032 0.09395424836601307 0.06881720430107527
2 0.46486928104575165 0.48333333333333334 0.06209150326797386 0.12580645161290321
2 0.3901143790849673 0.3473118279569892 0.06781045751633986 0.09247311827956989
2 0.6486928104575164 0.8553763440860215 0.0784313725490196 0.1086021505376344
2 0.7075163398692811 0.8989247311827957 0.05065359477124183 0.12258064516129032
2 0.40236928104575165 0.40483870967741936 0.06944444444444445 0.06129032258064516
2 0.761437908496732 0.9381720430107527 0.05228758169934641 0.1043010752688172
1 0.5996732026143791 0.13763440860215054 0.021241830065359478 0.034408602150537634
1 0.3999183006535948 0.35268817204301073 0.02696078431372549 0.03225806451612903
0 0.47671568627450983 0.4806451612903226 0.035130718954248366 0.03655913978494624
1 0.39828431372549017 0.38333333333333336 0.028594771241830064 0.03333333333333333
1 0.6499183006535948 0.8580645161290322 0.03676470588235294 0.060215053763440864
0 0.7716503267973857 0.9381720430107527 0.031862745098039214 0.04408602150537634
1 0.7140522875816994 0.8827956989247312 0.03104575163398693 0.047311827956989246