2 0.3918918918918919 0.89453125 0.06177606177606178 0.10379464285714286
2 0.541023166023166 0.4966517857142857 0.10135135135135136 0.08035714285714286
2 0.6611969111969112 0.09151785714285714 0.08301158301158301 0.10491071428571429
2 0.25868725868725867 0.45200892857142855 0.06563706563706563 0.07366071428571429
2 0.5053088803088803 0.5597098214285714 0.04343629343629344 0.0546875
2 0.13079150579150578 0.5323660714285714 0.06467181467181467 0.10714285714285714
2 0.6182432432432432 0.5502232142857143 0.09555984555984556 0.09375
2 0.4232625482625483 0.12779017857142858 0.08011583011583012 0.1015625
1 0.39333976833976836 0.8939732142857143 0.03957528957528957 0.04241071428571429
1 0.12065637065637065 0.5357142857142857 0.03088803088803089 0.04241071428571429
0 0.27364864864864863 0.44140625 0.041505791505791506 0.030133928571428572
0 0.6124517374517374 0.5641741071428571 0.041505791505791506 0.056919642857142856
0 0.5444015444015444 0.48158482142857145 0.03861003861003861 0.05915178571428571
1 0.4893822393822394 0.5379464285714286 0.02895752895752896 0.03794642857142857
1 0.42374517374517373 0.11774553571428571 0.032818532818532815 0.05022321428571429
0 0.6423745173745173 0.09486607142857142 0.04922779922779923 0.046875