2 0.5049167927382754 0.4171006944444444 0.06278366111951589 0.08940972222222222
2 0.5450075642965204 0.7860243055555556 0.06580937972768533 0.07725694444444445
2 0.6754916792738276 0.8407118055555556 0.057488653555219364 0.0720486111111111
2 0.033661119515885025 0.3858506944444444 0.06278366111951589 0.08246527777777778
2 0.268910741301059 0.5403645833333334 0.0718608169440242 0.06684027777777778
2 0.6773827534039334 0.9392361111111112 0.094553706505295 0.0625
2 0.4856278366111952 0.8528645833333334 0.0680786686838124 0.07725694444444445
2 0.33055975794251136 0.7947048611111112 0.059001512859304085 0.0685763888888889
2 0.4519667170953101 0.9266493055555556 0.06429652042360061 0.07378472222222222
2 0.6059001512859304 0.9565972222222222 0.06202723146747353 0.05381944444444445
2 0.22276853252647505 0.4301215277777778 0.059757942511346446 0.06684027777777778
2 0.40468986384266264 0.8832465277777778 0.05143721633888049 0.0720486111111111
2 0.02798789712556732 0.6319444444444444 0.05446293494704992 0.0920138888888889
2 0.46482602118003025 0.7660590277777778 0.06278366111951589 0.08072916666666667
2 0.10930408472012103 0.6597222222222222 0.0416036308623298 0.07291666666666667
2 0.30786686838124055 0.5598958333333334 0.06354009077155824 0.11284722222222222
2 0.16944024205748864 0.20182291666666666 0.07413010590015129 0.06684027777777778
0 0.1645234493192133 0.21354166666666666 0.0264750378214826 0.03125
0 0.098714069591528 0.6397569444444444 0.018910741301059002 0.034722222222222224
1 0.264750378214826 0.5321180555555556 0.02723146747352496 0.036458333333333336
1 0.29992435703479575 0.5611979166666666 0.0264750378214826 0.03211805555555555
1 0.5026475037821483 0.4166666666666667 0.0264750378214826 0.034722222222222224
1 0.3161875945537065 0.7907986111111112 0.018154311649016642 0.024305555555555556
0 0.47881996974281393 0.7751736111111112 0.0226928895612708 0.03819444444444445
0 0.5381996974281392 0.7838541666666666 0.02798789712556732 0.03125
1 0.6649016641452344 0.8394097222222222 0.019667170953101363 0.03125
0 0.4341906202723147 0.91796875 0.030257186081694403 0.028645833333333332
2 0.4459152798789713 0.8546006944444444 0.04462934947049924 0.07378472222222222
2 0.6089258698940998 0.9153645833333334 0.04236006051437216 0.0546875
1 0.43910741301059003 0.8498263888888888 0.02042360060514372 0.03298611111111111
0 0.6081694402420574 0.9557291666666666 0.036308623298033284 0.03298611111111111
0 0.036308623298033284 0.3728298611111111 0.02723146747352496 0.026909722222222224