2 0.6968810916179338 0.45419052576782926 0.08771929824561403 0.07756376887038001
2 0.7482131254061078 0.6345653305570016 0.09811565951916829 0.09578344612181156
2 0.7306692657569851 0.3370640291514836 0.08641975308641975 0.0827693909422176
2 0.42917478882391163 0.6043727225403436 0.09161793372319688 0.0739198334200937
2 0.6156595191682911 0.6184279021343051 0.13840155945419103 0.05830296720458095
2 0.6669915529564653 0.5140551795939615 0.06172839506172839 0.052576782925559604
1 0.43079922027290446 0.601249349297241 0.04028589993502274 0.031233732431025507
1 0.6137102014294997 0.6067152524726704 0.03313840155945419 0.03279541905257678
0 0.7540610786224822 0.6283185840707964 0.04223521767381416 0.032274856845393024
1 0.6526965562053282 0.5234252993232691 0.030539311241065625 0.027589796980739198
1 0.6968810916179338 0.4557522123893805 0.03313840155945419 0.029672045809474232
1 0.7267706302794023 0.3430504945340968 0.03313840155945419 0.026028110359187923