2 0.5716960941680043 0.12540296582849775 0.06367041198501873 0.07027724049000644
2 0.41385767790262173 0.2572533849129594 0.051899411449973246 0.10831721470019343
2 0.38362760834670945 0.6663442940038685 0.060995184590690206 0.1038039974210187
2 0.4882289994649545 0.6266924564796905 0.057249866238630286 0.07607994842037395
2 0.44275013376136974 0.6753707285622179 0.05831995719636169 0.07285622179239201
2 0.4467629748528625 0.6515151515151515 0.06206527554842162 0.04964539007092199
0 0.48475120385232745 0.622501611863314 0.02675227394328518 0.030303030303030304
1 0.44087747458533977 0.6602192134107028 0.02247191011235955 0.02192134107027724
1 0.43418940609951845 0.6814958091553837 0.019796682718031033 0.028368794326241134
0 0.3713215623327983 0.6811734364925854 0.03424291064740503 0.03159252095422308
1 0.42081326912787587 0.2443584784010316 0.021936864633493848 0.024500322372662798
1 0.5749063670411985 0.12346872985170858 0.02086677367576244 0.027724049000644745