1 0.23838737949167396 0.08233369683751363 0.03155127081507449 0.04252998909487459
0 0.058720420683610865 0.2835332606324973 0.03155127081507449 0.03707742639040349
1 0.9132340052585451 0.302071973827699 0.028045574057843997 0.03489640130861505
1 0.8418054338299737 0.787350054525627 0.03242769500438212 0.04580152671755725
1 0.3058720420683611 0.520174482006543 0.028045574057843997 0.03707742639040349
1 0.4316389132340053 0.5954198473282443 0.028921998247151623 0.03707742639040349
1 0.1792287467134093 0.7230098146128681 0.025416301489921123 0.03925845147219193
1 0.9745836985100789 0.9231188658669575 0.024539877300613498 0.05125408942202835
0 0.6060473269062226 0.4312977099236641 0.03593339176161262 0.03380588876772083
1 0.31551270815074495 0.7290076335877863 0.028045574057843997 0.03816793893129771
0 0.3378615249780894 0.4738276990185387 0.03242769500438212 0.04907306434023991
2 0.23794916739702016 0.0752453653217012 0.09377738825591586 0.1134133042529989
2 0.06792287467134094 0.2835332606324973 0.09377738825591586 0.13522355507088332
2 0.1730937773882559 0.7235550708833152 0.09377738825591586 0.12322791712104689
2 0.3374233128834356 0.45038167938931295 0.12094653812445223 0.07633587786259542
2 0.3028045574057844 0.5365321701199564 0.07800175284837861 0.1025081788440567
2 0.317703768624014 0.7306434023991276 0.09377738825591586 0.11559432933478735
2 0.43908851884312006 0.6090512540894221 0.08238387379491674 0.11450381679389313
2 0.9057843996494304 0.30916030534351147 0.08851884312007012 0.10577971646673937
2 0.8466257668711656 0.8058887677208287 0.09465381244522349 0.11777535441657579
2 0.9574934268185802 0.9214830970556162 0.08326029798422437 0.14830970556161396
2 0.26205083260297984 0.8326063249727372 0.09465381244522349 0.13849509269356597
2 0.5915863277826467 0.42857142857142855 0.09114811568799298 0.09814612868047982