2 0.5287282117495158 0.6296199895887559 0.08908973531310523 0.07548152004164498
2 0.34828921885087155 0.8823529411764706 0.057456423499031635 0.055179593961478396
2 0.5542285345384119 0.336283185840708 0.09360877985797289 0.05622071837584591
2 0.6132989025177534 0.6923477355543988 0.0632666236281472 0.045809474232170744
2 0.2559715945771465 0.5793857365955232 0.06778566817301485 0.05726184279021343
2 0.5116204002582311 0.8362831858407079 0.06132989025177534 0.06402915148360229
2 0.35571336346029697 0.4656428943258719 0.07617817947062622 0.05153565851119209
2 0.6391220142027114 0.30036439354502864 0.05035506778566817 0.045809474232170744
2 0.09134925758553905 0.8948464341488808 0.08069722401549387 0.05413846954711088
2 0.7782440284054228 0.6533055700156168 0.04841833440929632 0.04685059864653826
2 0.3695932859909619 0.7407600208224883 0.07940606843124597 0.06038521603331598
2 0.3398967075532602 0.8370640291514836 0.039380245319561004 0.041644976574700676
2 0.21755971594577148 0.5937011972930766 0.0697224015493867 0.03800104112441437
2 0.13976759199483538 0.9476834981780323 0.06262104583602324 0.05153565851119209