2 0.3195739014647137 0.7346471127406049 0.085219707057257 0.05957836846929423
2 0.44540612516644473 0.35609532538955085 0.08655126498002663 0.054078826764436295
2 0.0559254327563249 0.49450045829514205 0.09320905459387484 0.04674610449129239
2 0.9134487350199734 0.24243813015582036 0.09054593874833555 0.07241063244729606
2 0.6870838881491345 0.14390467461044912 0.07723035952063914 0.08615948670944087
2 0.770306258322237 0.16636113657195234 0.10252996005326231 0.05041246562786435
2 0.7376830892143809 0.24931255728689275 0.15712383488681758 0.045829514207149404
1 0.3249001331557923 0.7387717690192483 0.045272969374167776 0.027497708524289642
1 0.04460719041278296 0.4857928505957837 0.03861517976031957 0.02933088909257562
2 0.08921438082556592 0.5174152153987168 0.07989347536617843 0.05591200733272227
1 0.07989347536617843 0.5059578368469294 0.037283621837549935 0.027497708524289642
1 0.45539280958721706 0.35701191567369384 0.047936085219707054 0.026581118240146653
0 0.9101198402130493 0.2373968835930339 0.0492676431424767 0.04032997250229148
0 0.7043941411451398 0.14115490375802017 0.05326231691078562 0.027497708524289642
1 0.7649800266311585 0.17873510540788268 0.033288948069241014 0.031164069660861594
1 0.7276964047936085 0.24060494958753437 0.043941411451398134 0.021081576535288724