2 0.752859477124183 0.4174473067915691 0.11029411764705882 0.11358313817330211
2 0.8496732026143791 0.4203747072599532 0.08333333333333333 0.11475409836065574
2 0.9591503267973857 0.4713114754098361 0.08006535947712418 0.12997658079625293
2 0.9538398692810458 0.36065573770491804 0.09068627450980392 0.10772833723653395
2 0.9223856209150327 0.29449648711943793 0.08006535947712418 0.12763466042154567
2 0.5575980392156863 0.11416861826697892 0.0988562091503268 0.10889929742388758
2 0.47998366013071897 0.525175644028103 0.0661764705882353 0.14402810304449648
2 0.5522875816993464 0.6879391100702577 0.08333333333333333 0.11358313817330211
2 0.6111111111111112 0.6346604215456675 0.0718954248366013 0.09836065573770492
2 0.414624183006536 0.8161592505854801 0.09068627450980392 0.12646370023419204
2 0.06209150326797386 0.819672131147541 0.08823529411764706 0.11241217798594848
2 0.6580882352941176 0.13992974238875877 0.08415032679738563 0.10421545667447307
2 0.6560457516339869 0.053864168618266976 0.06699346405228758 0.09836065573770492
1 0.06045751633986928 0.8442622950819673 0.032679738562091505 0.0585480093676815
0 0.41299019607843135 0.8214285714285714 0.04656862745098039 0.05035128805620609
1 0.4673202614379085 0.525175644028103 0.03758169934640523 0.04800936768149883
1 0.5445261437908496 0.6932084309133489 0.03349673202614379 0.0585480093676815
1 0.608251633986928 0.639344262295082 0.03349673202614379 0.053864168618266976
0 0.5551470588235294 0.09016393442622951 0.03676470588235294 0.06557377049180328
0 0.7602124183006536 0.43208430913348944 0.04003267973856209 0.06088992974238876
1 0.8521241830065359 0.41861826697892274 0.03758169934640523 0.05269320843091335
1 0.9603758169934641 0.4771662763466042 0.04003267973856209 0.04332552693208431
0 0.9812091503267973 0.38875878220140514 0.03104575163398693 0.0702576112412178
1 0.9395424836601307 0.29215456674473067 0.0392156862745098 0.04800936768149883
1 0.6699346405228758 0.06850117096018736 0.03431372549019608 0.04566744730679157
1 0.6441993464052288 0.117096018735363 0.03676470588235294 0.04449648711943794
2 0.17197712418300654 0.8044496487119438 0.0727124183006536 0.09836065573770492
2 0.9665032679738562 0.21428571428571427 0.06372549019607843 0.06323185011709602
0 0.9628267973856209 0.23185011709601874 0.04656862745098039 0.04215456674473068