2 0.12954939341421143 0.5150472914875323 0.0927209705372617 0.10318142734307825
2 0.3197573656845754 0.8916595012897678 0.07452339688041594 0.09802235597592433
2 0.45537261698440207 0.8503869303525365 0.12218370883882149 0.08942390369733448
2 0.554159445407279 0.823731728288908 0.07885615251299827 0.0997420464316423
2 0.871317157712305 0.12166809974204643 0.10658578856152513 0.10920034393809114
2 0.07668977469670711 0.9084264832330181 0.09965337954939342 0.1349957007738607
1 0.03682842287694974 0.4290627687016337 0.032062391681109186 0.03955288048151333
1 0.1494800693240901 0.5150472914875323 0.04592720970537262 0.03611349957007739
1 0.3006932409012132 0.8774720550300946 0.038128249566724434 0.0352536543422184
1 0.45537261698440207 0.8598452278589854 0.03726169844020797 0.04471195184866724
1 0.5693240901213171 0.823731728288908 0.043327556325823226 0.034393809114359415
0 0.8591854419410745 0.1182287188306105 0.05285961871750433 0.03869303525365434
1 0.9237435008665511 0.03697334479793637 0.038128249566724434 0.046431642304385214
1 0.09315424610051994 0.9161650902837489 0.03552859618717504 0.04213241616509028