2 0.8274111675126904 0.5877061469265368 0.047377326565143825 0.07196401799100449
2 0.6937394247038917 0.07421289355322339 0.038917089678511 0.0734632683658171
2 0.8138747884940778 0.09745127436281859 0.04060913705583756 0.07196401799100449
2 0.961082910321489 0.5944527736131934 0.03553299492385787 0.06746626686656672
2 0.9631979695431472 0.6461769115442278 0.03807106598984772 0.07196401799100449
1 0.6907783417935702 0.07571214392803598 0.021150592216582064 0.037481259370314844
1 0.810067681895093 0.09820089955022489 0.014382402707275803 0.031484257871064465
0 0.8257191201353637 0.5764617691154422 0.018612521150592216 0.043478260869565216
1 0.9576988155668359 0.5989505247376312 0.01692047377326565 0.031484257871064465
1 0.9665820642978004 0.6529235382308846 0.021150592216582064 0.02848575712143928
2 0.8510998307952623 0.6004497751124438 0.015228426395939087 0.046476761619190406
1 0.8553299492385786 0.5832083958020989 0.01353637901861252 0.029985007496251874