2 0.4131944444444444 0.4066840277777778 0.09953703703703703 0.0720486111111111
2 0.4913194444444444 0.3776041666666667 0.0775462962962963 0.07118055555555555
2 0.6898148148148148 0.2938368055555556 0.09722222222222222 0.05295138888888889
2 0.12731481481481483 0.9635416666666666 0.08101851851851852 0.06076388888888889
2 0.13483796296296297 0.90234375 0.07523148148148148 0.0703125
2 0.6180555555555556 0.6987847222222222 0.0787037037037037 0.0625
2 0.5185185185185185 0.6236979166666666 0.07175925925925926 0.0703125
2 0.5740740740740741 0.5447048611111112 0.09259259259259259 0.042534722222222224
2 0.5601851851851852 0.5972222222222222 0.0763888888888889 0.06597222222222222
2 0.5642361111111112 0.9557291666666666 0.09375 0.06076388888888889
2 0.45949074074074076 0.9353298611111112 0.06712962962962964 0.059895833333333336
2 0.49363425925925924 0.8793402777777778 0.07523148148148148 0.04861111111111111
2 0.5237268518518519 0.7309027777777778 0.08912037037037036 0.059027777777777776
2 0.5295138888888888 0.7864583333333334 0.08217592592592593 0.052083333333333336
2 0.7297453703703703 0.7052951388888888 0.09606481481481481 0.04774305555555555
0 0.6765046296296297 0.2938368055555556 0.04050925925925926 0.033854166666666664
0 0.5109953703703703 0.3572048611111111 0.056712962962962965 0.033854166666666664
0 0.421875 0.4110243055555556 0.04050925925925926 0.044270833333333336
1 0.5607638888888888 0.5434027777777778 0.04050925925925926 0.026041666666666668
1 0.5300925925925926 0.6180555555555556 0.037037037037037035 0.029513888888888888
1 0.6354166666666666 0.6953125 0.04398148148148148 0.026041666666666668
2 0.8096064814814815 0.6684027777777778 0.06365740740740741 0.06597222222222222
0 0.8090277777777778 0.6814236111111112 0.037037037037037035 0.034722222222222224
1 0.4976851851851852 0.8776041666666666 0.041666666666666664 0.022569444444444444
1 0.5497685185185185 0.9596354166666666 0.034722222222222224 0.030381944444444444
1 0.45949074074074076 0.9327256944444444 0.03009259259259259 0.030381944444444444
1 0.1417824074074074 0.8997395833333334 0.03587962962962963 0.033854166666666664
0 0.11979166666666667 0.9735243055555556 0.028935185185185185 0.0390625
2 0.17997685185185186 0.9361979166666666 0.1261574074074074 0.04079861111111111
0 0.18113425925925927 0.9262152777777778 0.03356481481481482 0.027777777777777776
2 0.4565972222222222 0.6089409722222222 0.04282407407407408 0.044270833333333336
1 0.4664351851851852 0.5998263888888888 0.032407407407407406 0.027777777777777776