2 0.1327054794520548 0.7501734906315058 0.1523972602739726 0.13879250520471895
2 0.793236301369863 0.5947258848022207 0.11386986301369863 0.09715475364330327
2 0.6198630136986302 0.05378209576682859 0.136986301369863 0.10062456627342123
2 0.8668664383561644 0.05898681471200555 0.09503424657534247 0.10825815405968078
2 0.8394691780821918 0.4722414989590562 0.11215753424657535 0.10201249132546843
2 0.8994006849315068 0.1825121443442054 0.09845890410958905 0.07078417765440666
1 0.839041095890411 0.04510756419153366 0.04794520547945205 0.040249826509368494
1 0.6288527397260274 0.05586398334489938 0.045376712328767124 0.03678001387925052
1 0.8839897260273972 0.16481609993060375 0.04023972602739726 0.03678001387925052
1 0.8035102739726028 0.4600971547536433 0.0488013698630137 0.033310201249132546
1 0.805222602739726 0.6068702290076335 0.052226027397260275 0.046495489243580844
0 0.13142123287671234 0.7501734906315058 0.0625 0.05690492713393477