2 0.5464705882352942 0.12091121495327103 0.07176470588235294 0.08294392523364486
2 0.27176470588235296 0.6758177570093458 0.06823529411764706 0.08995327102803738
2 0.9094117647058824 0.0683411214953271 0.06823529411764706 0.08060747663551401
2 0.8594117647058823 0.039135514018691586 0.06470588235294118 0.0689252336448598
2 0.30941176470588233 0.9731308411214953 0.07058823529411765 0.04672897196261682
2 0.42823529411764705 0.6022196261682243 0.07058823529411765 0.08060747663551401
2 0.32529411764705884 0.5741822429906542 0.06 0.08060747663551401
1 0.5570588235294117 0.12149532710280374 0.029411764705882353 0.03271028037383177
0 0.27705882352941175 0.6752336448598131 0.04588235294117647 0.03271028037383177
0 0.9047058823529411 0.07301401869158879 0.03058823529411765 0.03387850467289719
0 0.8611764705882353 0.0514018691588785 0.02823529411764706 0.035046728971962614
0 0.3241176470588235 0.981892523364486 0.04352941176470588 0.029205607476635514
1 0.4176470588235294 0.6086448598130841 0.02588235294117647 0.030373831775700934
1 0.33294117647058824 0.5788551401869159 0.03294117647058824 0.02219626168224299
2 0.7 0.06717289719626168 0.05647058823529412 0.04789719626168224
0 0.7111764705882353 0.06483644859813084 0.027058823529411764 0.026869158878504672
2 0.3335294117647059 0.28563084112149534 0.06470588235294118 0.07126168224299065
1 0.34058823529411764 0.27920560747663553 0.029411764705882353 0.02570093457943925
2 0.5570588235294117 0.8341121495327103 0.05764705882352941 0.056074766355140186
2 0.37941176470588234 0.7365654205607477 0.07411764705882352 0.06191588785046729
2 0.6494117647058824 0.6851635514018691 0.058823529411764705 0.0689252336448598
2 0.8988235294117647 0.5169392523364486 0.06352941176470588 0.05957943925233645
2 0.84 0.35397196261682246 0.07764705882352942 0.06542056074766354
2 0.731764705882353 0.6127336448598131 0.05647058823529412 0.05023364485981308
2 0.9570588235294117 0.4889018691588785 0.04588235294117647 0.052570093457943924
0 0.3841176470588235 0.7365654205607477 0.029411764705882353 0.03154205607476635