2 0.36522911051212936 0.2110042735042735 0.3423180592991914 0.3579059829059829
2 0.2196765498652291 0.5336538461538461 0.38185085354896675 0.39636752136752135
2 0.46495956873315364 0.5838675213675214 0.4537286612758311 0.31303418803418803
2 0.789308176100629 0.5523504273504274 0.4195867026055705 0.32905982905982906
2 0.46630727762803237 0.8595085470085471 0.37735849056603776 0.27884615384615385
0 0.3526504941599281 0.2419871794871795 0.12309074573225516 0.11645299145299146
0 0.8081761006289309 0.6148504273504274 0.1320754716981132 0.1997863247863248
0 0.1945193171608266 0.5528846153846154 0.11949685534591195 0.20405982905982906
2 0.6576819407008087 0.8835470085470085 0.29290206648697215 0.20726495726495728
0 0.7300089847259659 0.9118589743589743 0.14465408805031446 0.14636752136752137
0 0.46001796945193174 0.5032051282051282 0.11859838274932614 0.15598290598290598
0 0.44609164420485176 0.9166666666666666 0.14465408805031446 0.16452991452991453