2 0.11419753086419752 0.4287833827893175 0.21851851851851853 0.09198813056379822
2 0.1259259259259259 0.5153313550939663 0.17530864197530865 0.08506429277942631
2 0.575925925925926 0.787833827893175 0.16913580246913582 0.12166172106824925
2 0.2191358024691358 0.6266073194856577 0.15679012345679014 0.10583580613254204
2 0.8932098765432098 0.7720079129574678 0.2111111111111111 0.1414441147378833
2 0.6111111111111112 0.18298714144411474 0.17037037037037037 0.12858555885262116
2 0.7037037037037037 0.2265084075173096 0.1728395061728395 0.1582591493570722
2 0.7604938271604939 0.3555885262116716 0.19506172839506172 0.13748763600395647
2 0.8265432098765432 0.46834817012858554 0.1617283950617284 0.12166172106824925
0 0.9185185185185185 0.794757665677547 0.0691358024691358 0.06429277942631058
1 0.5685185185185185 0.7917903066271019 0.06296296296296296 0.04648862512363996
1 0.1382716049382716 0.509891196834817 0.0691358024691358 0.036597428288822946
1 0.10864197530864197 0.4515331355093966 0.05432098765432099 0.04253214638971316
1 0.5308641975308642 0.07566765578635015 0.06666666666666667 0.04648862512363996
1 0.6030864197530864 0.18892185954500496 0.06296296296296296 0.04945598417408507
1 0.7141975308641976 0.2443125618199802 0.0654320987654321 0.043521266073194856
1 0.8080246913580247 0.47576656775469833 0.04814814814814815 0.03758654797230465
1 0.769753086419753 0.3694362017804154 0.06296296296296296 0.04451038575667656