2 0.8620013080444735 0.7327680525164114 0.061478090255068674 0.05415754923413567
2 0.45552648790058864 0.32056892778993434 0.07521255722694571 0.061269146608315096
2 0.6239372138652715 0.649070021881838 0.06278613472858077 0.06291028446389496
2 0.4643557880967953 0.5700218818380745 0.07848266841072596 0.06236323851203501
2 0.5879659908436887 0.5166849015317286 0.07717462393721386 0.06181619256017506
2 0.3649444081098757 0.5147702407002188 0.07063440156965337 0.060175054704595186
2 0.5098103335513408 0.46799781181619254 0.08175277959450622 0.0661925601750547
2 0.4970568999345978 0.3471006564551422 0.07979071288423806 0.04212253829321663
2 0.5830608240680183 0.587253829321663 0.06344015696533682 0.05306345733041575
2 0.7589928057553957 0.9028993435448578 0.050359712230215826 0.06181619256017506
2 0.6922825376062786 0.7973194748358862 0.05428384565075212 0.03665207877461707