2 0.09213051823416507 0.33217592592592593 0.12284069097888675 0.1527777777777778
2 0.13291746641074856 0.2511574074074074 0.1238003838771593 0.10648148148148148
2 0.22840690978886757 0.3414351851851852 0.11708253358925144 0.18055555555555555
2 0.17370441458733205 0.4513888888888889 0.15163147792706333 0.19444444444444445
2 0.4107485604606526 0.14641203703703703 0.1362763915547025 0.20717592592592593
2 0.362763915547025 0.3854166666666667 0.15738963531669867 0.1550925925925926
2 0.42802303262955854 0.3917824074074074 0.1381957773512476 0.2048611111111111
2 0.539827255278311 0.46875 0.15642994241842612 0.18055555555555555
2 0.6928982725527831 0.4774305555555556 0.14587332053742802 0.18171296296296297
2 0.3008637236084453 0.7274305555555556 0.13339731285988485 0.2025462962962963
2 0.44961612284069097 0.8993055555555556 0.1276391554702495 0.1736111111111111
2 0.7322456813819578 0.7384259259259259 0.12476007677543186 0.1574074074074074
2 0.7557581573896354 0.8831018518518519 0.13147792706333974 0.1597222222222222
1 0.769193857965451 0.8732638888888888 0.04126679462571977 0.056712962962962965
1 0.724088291746641 0.7471064814814815 0.03934740882917467 0.056712962962962965
1 0.41314779270633395 0.8865740740740741 0.04126679462571977 0.05092592592592592
1 0.31142034548944336 0.7395833333333334 0.05662188099808062 0.046296296296296294
0 0.7226487523992322 0.5011574074074074 0.05182341650671785 0.0787037037037037
0 0.5374280230326296 0.4756944444444444 0.0671785028790787 0.0625
0 0.4126679462571977 0.3929398148148148 0.05182341650671785 0.05439814814814815
0 0.35892514395393477 0.36516203703703703 0.04990403071017274 0.06597222222222222
0 0.17226487523992323 0.44328703703703703 0.06238003838771593 0.06944444444444445
1 0.2154510556621881 0.3420138888888889 0.04702495201535509 0.05439814814814815
0 0.3857965451055662 0.14756944444444445 0.053742802303262956 0.059027777777777776
1 0.5772552783109405 0.08449074074074074 0.03742802303262956 0.04861111111111111
1 0.07293666026871401 0.3368055555555556 0.04222648752399232 0.04398148148148148