2 0.497294046903187 0.6925806451612904 0.07095610342754059 0.0664516129032258
2 0.08087793144918821 0.14129032258064517 0.07636800962116656 0.04903225806451613
2 0.6109440769693325 0.7554838709677419 0.054119061936259774 0.06322580645161291
2 0.5505111244738424 0.7635483870967742 0.03788334335538184 0.0664516129032258
2 0.7546602525556224 0.5909677419354838 0.08177991581479255 0.05935483870967742
2 0.27751052315093205 0.6983870967741935 0.05592303066746843 0.07806451612903226
2 0.26819001803968734 0.18838709677419355 0.0396873120865905 0.07225806451612904
2 0.06524353577871317 0.46161290322580645 0.06313890559230306 0.043225806451612905
2 0.0898977751052315 0.21483870967741936 0.08839446782922429 0.06451612903225806
2 0.40348767288033677 0.9619354838709677 0.054119061936259774 0.07096774193548387
2 0.7705953096812989 0.9496774193548387 0.06313890559230306 0.07483870967741936
2 0.846662657847264 0.9187096774193548 0.07576668671076368 0.06322580645161291
2 0.15904990980156344 0.4829032258064516 0.07757065544197234 0.06516129032258064
2 0.24383644016837042 0.34225806451612906 0.09200240529164161 0.04064516129032258
2 0.5499098015634396 0.9354838709677419 0.0703547805171377 0.05548387096774193
2 0.8550811785929044 0.9787096774193549 0.05532170775706555 0.04129032258064516