2 0.37960074859638177 0.7654867256637168 0.056768558951965066 0.05105513955071477
2 0.7673112913287585 0.12389380530973451 0.051154086088583905 0.0653505786249149
2 0.6519026824703681 0.32471068754254595 0.05739238927011853 0.055820285908781485
2 0.7495321272613849 0.2226004084411164 0.059263880224578916 0.05718175629680054
2 0.49968808484092325 0.20149761742682096 0.026200873362445413 0.047651463580667124
2 0.14909544603867747 0.8192648059904697 0.049906425452276984 0.04016337644656229
2 0.27417342482844664 0.8339006126616746 0.041796631316281974 0.0381211708645337
2 0.4148471615720524 0.7314499659632403 0.06737367436057393 0.04424778761061947
2 0.47223955084217095 0.7086453369639211 0.056144728633811605 0.025867937372362152
2 0.4438552713661884 0.5547991831177672 0.05552089831565814 0.047651463580667124
2 0.36837180286961946 0.33117767188563646 0.05801621958827199 0.06466984343090537
2 0.4647535870243294 0.326072157930565 0.046163443543356206 0.06262763784887679
2 0.7301933873986276 0.25255275697753576 0.048034934497816595 0.03267528931245745
2 0.7174048658764816 0.35398230088495575 0.047411104179663134 0.03403675970047652
2 0.5867124142233312 0.537780803267529 0.051777916406737366 0.05037440435670524
2 0.5935745477230193 0.5915588835942818 0.06425452276980662 0.043567052416609936
2 0.6834061135371179 0.4411164057181756 0.053025577043044295 0.047651463580667124
2 0.30598877105427325 0.22974812797821648 0.044291952588895823 0.04288631722260041
2 0.28415470991890207 0.7277059223961879 0.048034934497816595 0.03267528931245745
2 0.5970056144728634 0.4237576582709326 0.034934497816593885 0.057862491490810075
2 0.7276980661260137 0.28761061946902655 0.048034934497816595 0.053778080326752895
2 0.7264504054897069 0.32437031994554116 0.044291952588895823 0.027910142954390742