2 0.4184485330681253 0.9487179487179487 0.045251118846345105 0.06025641025641026
2 0.18746892093485829 0.9663461538461539 0.057682744903033316 0.05064102564102564
2 0.11934361014420686 0.9727564102564102 0.04574838388861263 0.0532051282051282
2 0.04624564893088016 0.9682692307692308 0.03580308304326206 0.05448717948717949
2 0.5382894082545997 0.7993589743589744 0.05022376926902039 0.05384615384615385
2 0.6817503729487817 0.6772435897435898 0.05072103431128792 0.0532051282051282
2 0.595972153157633 0.7083333333333334 0.043262058677274985 0.07692307692307693
2 0.5701143709597215 0.8509615384615384 0.0313276976628543 0.05064102564102564
2 0.4895574341123819 0.7961538461538461 0.033316757831924414 0.07051282051282051
2 0.6847339632023869 0.6256410256410256 0.06364992541024365 0.047435897435897434
2 0.6986573843858777 0.5759615384615384 0.04972650422675286 0.03653846153846154
2 0.7553455992043759 0.4794871794871795 0.0278468423669816 0.052564102564102565
2 0.48209845847836896 0.9323717948717949 0.05420188960716062 0.03782051282051282
2 0.4587270014917951 0.9641025641025641 0.04027846842366982 0.03205128205128205
2 0.4535057185479861 0.8961538461538462 0.046742913973147684 0.047435897435897434
2 0.18349080059671805 0.8788461538461538 0.03381402287419195 0.05128205128205128
2 0.1678269517652909 0.9092948717948718 0.037294878170064646 0.04294871794871795
2 0.15191447041272998 0.9387820512820513 0.052212829438090504 0.027564102564102563
2 0.18075584286424665 0.8108974358974359 0.04624564893088016 0.038461538461538464
2 0.14569865738438587 0.844551282051282 0.039781203381402286 0.032692307692307694
2 0.2289905519641969 0.7240384615384615 0.045251118846345105 0.025
2 0.2227747389358528 0.6448717948717949 0.03281949278965689 0.04871794871794872
2 0.18224763799104923 0.7233974358974359 0.02734957732471407 0.04807692307692308
2 0.13625062158130283 0.6935897435897436 0.03878667329686723 0.03333333333333333
2 0.22178020885131774 0.5153846153846153 0.04375932371954252 0.035897435897435895
2 0.14992541024365988 0.5416666666666666 0.04624564893088016 0.041025641025641026
2 0.3167578319244157 0.4544871794871795 0.047737444057682744 0.03076923076923077
2 0.2625559423172551 0.507051282051282 0.03281949278965689 0.038461538461538464
2 0.3483341621084038 0.9403846153846154 0.04127299850820487 0.03974358974358974
2 0.13873694679264048 0.7695512820512821 0.05271009448035803 0.032692307692307694
2 0.14569865738438587 0.7996794871794872 0.04574838388861263 0.03012820512820513
2 0.2110890104425659 0.6858974358974359 0.044256588761810045 0.03076923076923077
2 0.1767777225261064 0.6342948717948718 0.04226752859273993 0.04038461538461539
2 0.11511685728493287 0.6384615384615384 0.03232222774738936 0.05
2 0.36076578816509197 0.42756410256410254 0.036300348085529587 0.026923076923076925
2 0.426156141223272 0.4740384615384615 0.030830432620586774 0.05448717948717949
2 0.3908503232222775 0.5233974358974359 0.039781203381402286 0.03012820512820513
2 0.31327697662854304 0.3467948717948718 0.03182496270512183 0.02564102564102564
2 0.31874689209348583 0.3967948717948718 0.030830432620586774 0.038461538461538464
2 0.34634510193933365 0.4076923076923077 0.04226752859273993 0.03974358974358974
2 0.6991546494281452 0.36730769230769234 0.02187966185977126 0.046153846153846156
2 0.6650919940328195 0.37051282051282053 0.0174042764793635 0.04871794871794872
2 0.6412232720039781 0.38333333333333336 0.022376926902038786 0.05384615384615385
2 0.6419691695673794 0.5032051282051282 0.04475385380407757 0.029487179487179487
2 0.6877175534559921 0.4996794871794872 0.02187966185977126 0.051923076923076926
2 0.7033814022874192 0.5096153846153846 0.02138239681750373 0.05
2 0.6633515663848831 0.533974358974359 0.03580308304326206 0.03333333333333333
2 0.6295375435106912 0.1407051282051282 0.046742913973147684 0.035256410256410256
2 0.5537046245648931 0.12371794871794872 0.02536051715564396 0.05384615384615385
2 0.4818498259572352 0.14775641025641026 0.03580308304326206 0.05576923076923077
2 0.5037294878170064 0.09583333333333334 0.040775733465937346 0.032692307692307694
2 0.5450024863252113 0.05897435897435897 0.03281949278965689 0.04871794871794872
2 0.6944306315266037 0.21185897435897436 0.05022376926902039 0.04294871794871795
2 0.7729985082048731 0.1391025641025641 0.052212829438090504 0.047435897435897434
2 0.6735454997513675 0.2717948717948718 0.023371456986573842 0.03974358974358974
2 0.5059671805072103 0.2875 0.036300348085529587 0.035256410256410256
2 0.5009945300845351 0.4221153846153846 0.035305818000994534 0.04038461538461539
2 0.6474390850323223 0.32564102564102565 0.03679761312779711 0.023076923076923078
2 0.09796121332670313 0.739423076923077 0.034808552958727 0.041666666666666664
2 0.09025360517155644 0.8407051282051282 0.036300348085529587 0.04807692307692308
2 0.05271009448035803 0.8932692307692308 0.04574838388861263 0.03141025641025641
2 0.24042764793635008 0.9028846153846154 0.043262058677274985 0.03012820512820513
2 0.36449527598209847 0.8102564102564103 0.0417702635504724 0.03205128205128205
2 0.26006961710591747 0.7455128205128205 0.03679761312779711 0.03461538461538462
2 0.20686225758329188 0.7371794871794872 0.03281949278965689 0.035897435897435895
2 0.019890601690701143 0.7150641025641026 0.030830432620586774 0.035256410256410256
2 0.1469418199900547 0.6 0.024365987071108902 0.04487179487179487
2 0.11387369467926405 0.8810897435897436 0.022874191944306316 0.046794871794871795
2 0.4579811039283938 0.7012820512820512 0.03281949278965689 0.03333333333333333
2 0.4587270014917951 0.7878205128205128 0.03928393833913476 0.03076923076923077
2 0.5459970164097464 0.8483974358974359 0.029835902536051714 0.05064102564102564
2 0.5201392342118349 0.8996794871794872 0.048731974142217804 0.032692307692307694
2 0.3398806563898558 0.9083333333333333 0.033316757831924414 0.041025641025641026
2 0.27349577324714075 0.8766025641025641 0.04276479363500746 0.026282051282051282
2 0.604425658876181 0.7631410256410256 0.04226752859273993 0.05576923076923077
2 0.5666335156638488 0.7618589743589743 0.035305818000994534 0.032692307692307694