2 0.22177167810355583 0.10755616065350579 0.0330630068621335 0.05854322668481961
2 0.2592014971927636 0.36759700476514634 0.034310667498440424 0.06807351940095303
2 0.24797255146600125 0.25017018379850237 0.031815346225826574 0.061946902654867256
2 0.21179039301310043 0.18515997277059223 0.031815346225826574 0.047651463580667124
2 0.3334373050530256 0.40571817562968004 0.025577043044291953 0.04628999319264806
2 0.5998128509045539 0.2899931926480599 0.040548970679975045 0.05445881552076242
2 0.654398003742982 0.3185840707964602 0.03368683718028696 0.059904697072838665
2 0.5995009357454772 0.3682777399591559 0.05489706799750468 0.04220558202859088
2 0.9008109794135996 0.48196051735874745 0.031191515907673113 0.04628999319264806
2 0.4647535870243294 0.639210347174949 0.024953212726138492 0.055820285908781485
2 0.42919525888958204 0.5959836623553437 0.028696194635059263 0.049693669162695714
2 0.4135995009357455 0.5051055139550715 0.053649407361197755 0.035398230088495575
2 0.34029943855271366 0.5282505105513955 0.049282595134123516 0.021783526208304968
2 0.843418590143481 0.8635125936010892 0.023705552089831567 0.057862491490810075
2 0.8864628820960698 0.8611300204220558 0.046163443543356206 0.043567052416609936
2 0.9207735495945103 0.8597685500340367 0.02994385527136619 0.039482641252552755
2 0.8022457891453525 0.869639210347175 0.049906425452276984 0.031994554118447927
2 0.6921397379912664 0.7716133424098026 0.046787273861509666 0.05241660993873383
2 0.7698066126013724 0.8022464261402315 0.034934497816593885 0.06603131381892444
2 0.6378665003119152 0.7392784206943499 0.0330630068621335 0.04084411164057182
2 0.8817841547099189 0.5663716814159292 0.025577043044291953 0.05718175629680054
2 0.6303805364940737 0.7821647379169503 0.051777916406737366 0.03403675970047652
2 0.6285090455396132 0.060925799863852964 0.053025577043044295 0.023825731790333562
2 0.3696194635059264 0.5701157249829816 0.028072364316905803 0.053778080326752895