2 0.10705128205128205 0.7418630751964085 0.05 0.04826038159371493
2 0.19230769230769232 0.29180695847362514 0.05897435897435897 0.04601571268237935
2 0.35512820512820514 0.3055555555555556 0.052564102564102565 0.045454545454545456
2 0.3817307692307692 0.46520763187429853 0.0532051282051282 0.03928170594837262
2 0.18557692307692308 0.569304152637486 0.04423076923076923 0.02749719416386083
2 0.1701923076923077 0.6299102132435466 0.04807692307692308 0.024130190796857465
2 0.7368589743589744 0.3451178451178451 0.05064102564102564 0.031425364758698095
2 0.7522435897435897 0.37570145903479235 0.04294871794871795 0.030864197530864196
2 0.5894230769230769 0.5572390572390572 0.025 0.038159371492704826
2 0.698076923076923 0.25925925925925924 0.03461538461538462 0.038159371492704826
2 0.8003205128205129 0.1442199775533109 0.03012820512820513 0.05948372615039282
2 0.8490384615384615 0.1994949494949495 0.023717948717948717 0.04882154882154882
2 0.8368589743589744 0.12850729517396184 0.04551282051282051 0.04489337822671156
2 0.4625 0.39758698092031425 0.0391025641025641 0.044332210998877665