2 0.7147157190635451 0.38002594033722437 0.0782608695652174 0.0609597924773022
2 0.7153846153846154 0.2804798962386511 0.06622073578595318 0.08236057068741894
2 0.20869565217391303 0.7642671854734111 0.0588628762541806 0.0654993514915694
2 0.24882943143812708 0.7970168612191959 0.06287625418060201 0.05966277561608301
2 0.174247491638796 0.9238002594033723 0.06622073578595318 0.10700389105058365
2 0.8705685618729097 0.19455252918287938 0.06086956521739131 0.058365758754863814
2 0.7247491638795986 0.9007782101167315 0.05418060200668896 0.08560311284046693
2 0.15451505016722408 0.9711413748378729 0.07357859531772576 0.05382619974059663
2 0.7812709030100334 0.2717250324254215 0.0548494983277592 0.06355382619974059
2 0.645819397993311 0.25778210116731515 0.05284280936454849 0.035667963683527884
2 0.31605351170568563 0.5165369649805448 0.05551839464882943 0.06420233463035019
2 0.21438127090301004 0.8369001297016861 0.05819397993311037 0.07068741893644617
2 0.40468227424749165 0.5055123216601816 0.07491638795986622 0.04734111543450065
2 0.1862876254180602 0.8595979247730221 0.06354515050167224 0.05252918287937743
2 0.18227424749163879 0.8077172503242542 0.05150501672240803 0.04734111543450065
2 0.34983277591973244 0.52431906614786 0.04548494983277592 0.048638132295719845
2 0.36755852842809367 0.4714656290531777 0.05150501672240803 0.04928664072632944
2 0.771571906354515 0.24675745784695202 0.04749163879598662 0.03826199740596628
2 0.711371237458194 0.22730220492866407 0.05418060200668896 0.046044098573281456
2 0.9739130434782609 0.17023346303501946 0.050836120401337795 0.051232166018158234