2 0.9570974576271186 0.24582798459563543 0.07203389830508475 0.06803594351732992
2 0.3953919491525424 0.7025032092426188 0.058792372881355935 0.07124518613607189
2 0.4134004237288136 0.8283055198973043 0.07680084745762712 0.08023106546854943
2 0.7682733050847458 0.18388960205391527 0.07680084745762712 0.07252888318356868
2 0.4888771186440678 0.6222721437740694 0.0614406779661017 0.06482670089858793
2 0.4621292372881356 0.7480744544287549 0.056673728813559324 0.0840821566110398
2 0.5323093220338984 0.5799101412066753 0.06567796610169492 0.08279845956354301
2 0.8077330508474576 0.28562259306803595 0.05508474576271186 0.05648267008985879
2 0.5646186440677966 0.6716944801026957 0.05084745762711865 0.10718870346598203
2 0.921875 0.33472400513478817 0.06726694915254237 0.05327342747111682
2 0.560646186440678 0.7984595635430038 0.047139830508474576 0.06546854942233633
2 0.5100635593220338 0.7673299101412067 0.05508474576271186 0.07124518613607189
2 0.755031779661017 0.3010269576379974 0.05349576271186441 0.0693196405648267
2 0.5852754237288136 0.5940308087291399 0.046610169491525424 0.06354300385109114
2 0.5619703389830508 0.5060975609756098 0.05084745762711865 0.09563543003851091
2 0.6223516949152542 0.35173299101412064 0.05614406779661017 0.051347881899871634
2 0.6435381355932204 0.5529525032092426 0.0635593220338983 0.0699614890885751
2 0.6588983050847458 0.49165596919127086 0.04449152542372881 0.06161745827984596
2 0.970603813559322 0.43677792041078306 0.05455508474576271 0.07381258023106547
2 0.7057733050847458 0.417201540436457 0.04925847457627119 0.06803594351732992
2 0.7057733050847458 0.2907573812580231 0.04290254237288135 0.06033376123234917
2 0.6615466101694916 0.38222079589216945 0.0635593220338983 0.06867779204107831
2 0.8728813559322034 0.20378690629011553 0.0423728813559322 0.06225930680359435
2 0.663135593220339 0.3247753530166881 0.04766949152542373 0.051347881899871634
2 0.5810381355932204 0.3780487804878049 0.04025423728813559 0.06546854942233633
2 0.8215042372881356 0.21020539152759948 0.048728813559322036 0.05840821566110398
2 0.6541313559322034 0.26765083440308085 0.05190677966101695 0.06290115532734275
2 0.6088453389830508 0.49229781771501924 0.04184322033898305 0.038510911424903725
2 0.6138771186440678 0.44094993581514763 0.06038135593220339 0.04878048780487805
2 0.6517478813559322 0.43485237483953787 0.0513771186440678 0.04300385109114249