2 0.767379679144385 0.28710304601425796 0.06550802139037433 0.06999351911860013
2 0.43114973262032086 0.05217109526895658 0.07887700534759358 0.07582631237848347
2 0.16209893048128343 0.7443292287751134 0.05949197860962567 0.0797148412184057
2 0.240975935828877 0.34834737524303305 0.07152406417112299 0.06156837329876863
2 0.7623663101604278 0.3570965651328581 0.06350267379679145 0.06999351911860013
2 0.8793449197860963 0.04763447828904731 0.06885026737967914 0.05897602073882048
2 0.28108288770053474 0.42449773169151006 0.07018716577540107 0.06999351911860013
2 0.3108288770053476 0.3285806869734284 0.08021390374331551 0.05573558003888529
2 0.6453877005347594 0.6331821127673364 0.05949197860962567 0.04795852235904083
2 0.1945187165775401 0.6591056383668179 0.058823529411764705 0.057031756318859365
2 0.4184491978609626 0.7018794556059624 0.05481283422459893 0.07517822423849643
2 0.20955882352941177 0.4394037589112119 0.052807486631016046 0.0712896953985742
2 0.2640374331550802 0.5563836681788723 0.053475935828877004 0.09397278029812055
2 0.8559491978609626 0.25210628645495786 0.07018716577540107 0.059624108878807515
2 0.6687834224598931 0.46500324044069996 0.060828877005347594 0.07712248865845756
2 0.7239304812834224 0.475048606610499 0.06818181818181818 0.057031756318859365
2 0.6400401069518716 0.10952689565780946 0.06483957219251336 0.059624108878807515
2 0.2339572192513369 0.8707064160725859 0.06550802139037433 0.08101101749837979
2 0.8512700534759359 0.37556707712248866 0.060828877005347594 0.06286454957874271
2 0.48061497326203206 0.7624756966947505 0.07085561497326204 0.07453013609850939
2 0.32419786096256686 0.846403110823072 0.08021390374331551 0.07906675307841866
2 0.07754010695187166 0.7465975372650681 0.07887700534759358 0.06221646143875567
2 0.29010695187165775 0.7141931302657162 0.06550802139037433 0.059624108878807515
2 0.8823529411764706 0.3188593648736228 0.05080213903743316 0.05184705119896306
2 0.4605614973262032 0.24789371354504214 0.05481283422459893 0.05508749189889825
2 0.4769385026737968 0.32663642255346725 0.051470588235294115 0.05573558003888529
2 0.8258689839572193 0.17854828256642905 0.060828877005347594 0.056383668178872325
2 0.6403743315508021 0.19734283862605315 0.0748663101604278 0.06156837329876863
2 0.4612299465240642 0.8055735580038885 0.053475935828877004 0.05184705119896306
2 0.43315508021390375 0.31788723266364227 0.0481283422459893 0.056383668178872325
2 0.48863636363636365 0.5609202851587816 0.05481283422459893 0.04082955281918341
2 0.43783422459893045 0.45657809462086846 0.06016042780748663 0.08101101749837979
2 0.5611631016042781 0.5204147764095917 0.060828877005347594 0.059624108878807515
2 0.11463903743315508 0.41736876215165264 0.06216577540106952 0.06999351911860013
2 0.4264705882352941 0.6328580686973428 0.053475935828877004 0.05119896305897602
2 0.08622994652406417 0.7012313674659754 0.07352941176470588 0.05443940375891121
2 0.5782085561497327 0.6600777705767984 0.05748663101604278 0.057679844458846406
2 0.3211898395721925 0.5683732987686325 0.06350267379679145 0.07258587167854828
2 0.5899064171122995 0.2440051847051199 0.052807486631016046 0.05897602073882048
2 0.7205882352941176 0.5217109526895658 0.05748663101604278 0.0609202851587816
2 0.6480614973262032 0.5058327932598834 0.046122994652406414 0.06156837329876863
2 0.4124331550802139 0.5573558003888529 0.06818181818181818 0.06221646143875567
2 0.24364973262032086 0.7154893065456902 0.05548128342245989 0.07647440051847051
2 0.5962566844919787 0.6137394685677252 0.04946524064171123 0.04795852235904083
2 0.47259358288770054 0.39922229423201555 0.07085561497326204 0.046662346079066754
2 0.472927807486631 0.6879455605962411 0.05013368983957219 0.06286454957874271
2 0.6219919786096256 0.31561892417368764 0.05815508021390375 0.05573558003888529
2 0.5350935828877005 0.4594944912508101 0.051470588235294115 0.06480881399870382
2 0.5327540106951871 0.21905379131561892 0.06149732620320856 0.0609202851587816
2 0.5033422459893048 0.23817239144523655 0.045454545454545456 0.056383668178872325
2 0.7476604278074866 0.2067401166558652 0.03542780748663102 0.06740116655865197
2 0.7877673796791443 0.17725210628645496 0.056818181818181816 0.04342190537913156
2 0.8950534759358288 0.16526247569669475 0.04144385026737968 0.0609202851587816
2 0.8536096256684492 0.15456902138690862 0.06818181818181818 0.0524951393389501
2 0.7072192513368984 0.07226182760855476 0.05614973262032086 0.049902786779001944
2 0.633355614973262 0.14290343486714194 0.056818181818181816 0.04471808165910564
2 0.6641042780748663 0.17141931302657162 0.056818181818181816 0.05897602073882048
2 0.7690508021390374 0.12670123136746597 0.07286096256684492 0.049902786779001944
2 0.7877673796791443 0.06480881399870382 0.06350267379679145 0.04795852235904083
2 0.8382352941176471 0.042449773169151 0.040106951871657755 0.07193778353856124
2 0.6443850267379679 0.28839922229423204 0.04679144385026738 0.05184705119896306
2 0.8452540106951871 0.29390797148412184 0.06216577540106952 0.0524951393389501
2 0.5822192513368984 0.34348671419313026 0.06149732620320856 0.04018146467919637
2 0.5411096256684492 0.33797796500324045 0.05013368983957219 0.056383668178872325
2 0.6895053475935828 0.5771224886584575 0.042112299465240643 0.04471808165910564
2 0.5828877005347594 0.40894361633182114 0.05213903743315508 0.04277381723914452
2 0.5902406417112299 0.4721322099805574 0.058823529411764705 0.03823720025923526
2 0.509024064171123 0.5204147764095917 0.04478609625668449 0.059624108878807515
2 0.37366310160427807 0.5716137394685677 0.0374331550802139 0.057031756318859365
2 0.32219251336898397 0.6309138042773818 0.05614973262032086 0.057679844458846406
2 0.2874331550802139 0.4637070641607259 0.05748663101604278 0.04860661049902787
2 0.3429144385026738 0.35482825664290346 0.06283422459893048 0.04082955281918341
2 0.3322192513368984 0.381399870382372 0.06818181818181818 0.04082955281918341
2 0.34191176470588236 0.4183408943616332 0.056818181818181816 0.04471808165910564
2 0.36163101604278075 0.46500324044069996 0.06550802139037433 0.04860661049902787
2 0.3950534759358289 0.42773817239144524 0.05614973262032086 0.057031756318859365
2 0.4124331550802139 0.4873622812702528 0.058823529411764705 0.05184705119896306
2 0.33489304812834225 0.8120544394037589 0.058823529411764705 0.06740116655865197
2 0.3830213903743315 0.8340894361633182 0.05213903743315508 0.0609202851587816
2 0.4141042780748663 0.8162670123136747 0.047459893048128345 0.06545690213869086
2 0.5678475935828877 0.7261827608554764 0.07018716577540107 0.060272197018794556
2 0.6470588235294118 0.6840570317563188 0.06016042780748663 0.05897602073882048
2 0.678475935828877 0.6218405703175632 0.05080213903743316 0.05119896305897602
2 0.7346256684491979 0.5764744005184705 0.04679144385026738 0.04860661049902787
2 0.7733957219251337 0.5184705119896306 0.0481283422459893 0.02462734931950745
2 0.785427807486631 0.46759559300064807 0.04411764705882353 0.05119896305897602
2 0.5377673796791443 0.7686325340246274 0.0661764705882353 0.053143227478937134
2 0.6002673796791443 0.7151652624756967 0.05748663101604278 0.04342190537913156
2 0.5223930481283422 0.7268308489954634 0.052807486631016046 0.031756318859364877
2 0.27640374331550804 0.8697342838626053 0.06216577540106952 0.053143227478937134
2 0.11129679144385027 0.90699935191186 0.07286096256684492 0.05119896305897602
2 0.04879679144385027 0.9021386908619572 0.06951871657754011 0.06351263771872975
2 0.02807486631016043 0.7242384964355152 0.04411764705882353 0.057679844458846406
2 0.1557486631016043 0.6454957874270901 0.06016042780748663 0.06869734283862605
2 0.5865641711229946 0.28418664938431626 0.05414438502673797 0.03953337653920933