2 0.15117252931323283 0.29938900203665986 0.0711892797319933 0.07128309572301425
2 0.2830820770519263 0.11558044806517312 0.07537688442211055 0.0560081466395112
2 0.04061976549413735 0.1104887983706721 0.0695142378559464 0.06619144602851323
2 0.08752093802345058 0.07230142566191446 0.05443886097152429 0.07331975560081466
2 0.13693467336683418 0.07077393075356415 0.05778894472361809 0.07841140529531568
2 0.3760469011725293 0.439918533604888 0.08375209380234507 0.054989816700611
2 0.4007537688442211 0.49338085539714865 0.059463986599664995 0.06008146639511202
2 0.35804020100502515 0.5086558044806517 0.06281407035175879 0.07230142566191446
2 0.5054438860971524 0.5305498981670062 0.07956448911222781 0.09572301425661914
2 0.567001675041876 0.5 0.05360134003350084 0.09979633401221996
2 0.6758793969849246 0.629837067209776 0.08375209380234507 0.062118126272912425
2 0.8530150753768844 0.3757637474541752 0.07788944723618091 0.09572301425661914
2 0.8015075376884422 0.5442973523421588 0.07872696817420435 0.14969450101832993
2 0.7726130653266332 0.5941955193482689 0.10134003350083752 0.062118126272912425
2 0.7093802345058626 0.9327902240325866 0.07202680067001675 0.09164969450101833
2 0.8115577889447236 0.6614052953156823 0.06365159128978225 0.09877800407331976
2 0.9254606365159129 0.7474541751527495 0.08710217755443886 0.10386965376782077
2 0.7202680067001676 0.7077393075356415 0.07370184254606366 0.1364562118126273
2 0.6896984924623115 0.7505091649694501 0.076214405360134 0.1120162932790224
2 0.628140703517588 0.7556008146639511 0.06197654941373534 0.12627291242362526
1 0.9325795644891123 0.7367617107942973 0.03936348408710218 0.04989816700610998
0 0.7051926298157454 0.9287169042769857 0.03350083752093802 0.04480651731160896
1 0.8119765494137353 0.6471486761710794 0.032663316582914576 0.04175152749490835
0 0.7399497487437185 0.7062118126272913 0.03936348408710218 0.04989816700610998
0 0.6984924623115578 0.7423625254582484 0.038525963149078725 0.04684317718940937
1 0.6549413735343383 0.7515274949083504 0.035175879396984924 0.04276985743380855
1 0.7646566164154104 0.5779022403258656 0.02847571189279732 0.04175152749490835
0 0.7784757118927973 0.5539714867617108 0.049413735343383586 0.05091649694501019
0 0.8530150753768844 0.37016293279022405 0.036013400335008376 0.051934826883910386
0 0.5598827470686767 0.48523421588594706 0.036013400335008376 0.04175152749490835
0 0.5117252931323283 0.5208757637474541 0.04020100502512563 0.0560081466395112
0 0.36892797319932996 0.4429735234215886 0.03433835845896147 0.034623217922606926
0 0.38107202680067004 0.48217922606924646 0.04020100502512563 0.035641547861507125
0 0.26884422110552764 0.11558044806517312 0.03685092127303183 0.04786150712830957
0 0.13525963149078726 0.06873727087576374 0.05778894472361809 0.07841140529531568