2 0.7785493827160493 0.13786764705882354 0.16512345679012347 0.09926470588235294
2 0.45987654320987653 0.18382352941176472 0.1697530864197531 0.10294117647058823
2 0.9035493827160493 0.24494485294117646 0.16820987654320987 0.078125
2 0.1720679012345679 0.7302389705882353 0.18981481481481483 0.14981617647058823
2 0.9074074074074074 0.5799632352941176 0.1697530864197531 0.10661764705882353
2 0.8881172839506173 0.7072610294117647 0.17746913580246915 0.09834558823529412
1 0.46141975308641975 0.17647058823529413 0.06790123456790123 0.04411764705882353
1 0.7430555555555556 0.12683823529411764 0.06327160493827161 0.029411764705882353
1 0.8603395061728395 0.23529411764705882 0.06327160493827161 0.03676470588235294
1 0.8618827160493827 0.5625 0.07561728395061729 0.03860294117647059
1 0.9174382716049383 0.7100183823529411 0.06944444444444445 0.043198529411764705
0 0.21450617283950618 0.7136948529411765 0.08950617283950617 0.05238970588235294