2 0.1703155183515776 0.2729268292682927 0.07920154539600772 0.07170731707317073
2 0.40019317450096586 0.48609756097560974 0.07920154539600772 0.06682926829268293
2 0.09755312298776561 0.31658536585365854 0.07662588538312942 0.05658536585365854
2 0.7511268512556343 0.4602439024390244 0.08564069542820348 0.05707317073170732
2 0.2884739214423696 0.6060975609756097 0.07340631036703155 0.06780487804878049
2 0.4867997424339987 0.6695121951219513 0.06567933032839665 0.06
2 0.9352865421764327 0.7848780487804878 0.06761107533805538 0.05951219512195122
2 0.9320669671603349 0.6734146341463415 0.07276239536381197 0.05024390243902439
2 0.5508692852543464 0.7936585365853659 0.08048937540244688 0.06829268292682927
2 0.5895041854475209 0.3548780487804878 0.07276239536381197 0.04731707317073171
2 0.20090148100450742 0.4790243902439024 0.056664520283322604 0.03902439024390244
2 0.03219575016097875 0.25121951219512195 0.0592401802962009 0.042926829268292686
2 0.5553766902768834 0.738780487804878 0.04700579523502898 0.05024390243902439
2 0.5585962652929813 0.5926829268292683 0.09207984546039923 0.07512195121951219
2 0.5965872504829363 0.3873170731707317 0.06632324533161622 0.054634146341463415
2 0.5264005151320026 0.3846341463414634 0.08177720540888603 0.04829268292682927
2 0.2662588538312943 0.455609756097561 0.056020605280103025 0.055609756097560976