2 0.07954545454545454 0.15279503105590062 0.08712121212121213 0.08944099378881988
2 0.7466856060606061 0.14347826086956522 0.08428030303030302 0.09565217391304348
2 0.65625 0.4714285714285714 0.13257575757575757 0.1031055900621118
2 0.6387310606060606 0.7223602484472049 0.11647727272727272 0.12298136645962733
2 0.6685606060606061 0.9285714285714286 0.08143939393939394 0.14037267080745341
2 0.8783143939393939 0.6298136645962733 0.10321969696969698 0.1267080745341615
2 0.8446969696969697 0.7248447204968944 0.09090909090909091 0.1453416149068323
2 0.8802083333333334 0.8503105590062112 0.08428030303030302 0.13291925465838508
2 0.9512310606060606 0.9490683229813665 0.08996212121212122 0.09937888198757763
2 0.9479166666666666 0.7130434782608696 0.10227272727272728 0.08944099378881988
0 0.7571022727272727 0.17080745341614906 0.048295454545454544 0.04596273291925466
1 0.08049242424242424 0.1670807453416149 0.041666666666666664 0.03850931677018633
0 0.6339962121212122 0.7372670807453416 0.050189393939393936 0.04596273291925466
1 0.6865530303030303 0.937888198757764 0.043560606060606064 0.049689440993788817
0 0.8451704545454546 0.724223602484472 0.052083333333333336 0.0546583850931677
1 0.8783143939393939 0.6440993788819875 0.04071969696969697 0.043478260869565216
1 0.8660037878787878 0.8509316770186336 0.048295454545454544 0.05962732919254658
0 0.9384469696969697 0.962111801242236 0.054924242424242424 0.05341614906832298
1 0.6515151515151515 0.46024844720496894 0.041666666666666664 0.0484472049689441
1 0.9824810606060606 0.7391304347826086 0.03314393939393939 0.05217391304347826