2 0.6624350836699365 0.24242424242424243 0.04616272360069244 0.06576402321083172
2 0.7181188690132718 0.34107027724049 0.058280438545874204 0.058027079303675046
2 0.6053087132140796 0.1766602192134107 0.03462204270051933 0.07607994842037395
2 0.7114829774956722 0.28239845261121854 0.05770340450086555 0.05544809800128949
2 0.8742065781881131 0.4887169568020632 0.04385458742065782 0.07479045776918117
2 0.8390075014425851 0.4410058027079304 0.05308713214079631 0.06447453255963895
2 0.9645124062319677 0.8059316569954867 0.058280438545874204 0.07092198581560284
2 0.9746105020196192 0.8849129593810445 0.04962492787074437 0.06769825918762089
2 0.9575879976918639 0.7743391360412637 0.05943450663589152 0.04513217279174726
2 0.8465089440276976 0.8214055448098001 0.048470859780727064 0.05931656995486783
2 0.6474321984997115 0.1827852998065764 0.04616272360069244 0.06382978723404255
2 0.7215810732833238 0.4629271437782076 0.030582804385458743 0.05029013539651837
2 0.6442585112521638 0.7375886524822695 0.0363531448355453 0.05029013539651837
2 0.7657241777264858 0.8052869116698904 0.04270051933064051 0.032237266279819474
2 0.8886324293133295 0.6321727917472598 0.048470859780727064 0.050934880722114766
2 0.8554529717253317 0.5344938749194068 0.042123485285631854 0.04384268214055448
2 0.8058280438545874 0.47259832366215343 0.044431621465666475 0.0425531914893617
2 0.7810155799192152 0.33139909735654416 0.058280438545874204 0.03481624758220503
2 0.7815926139642239 0.3591231463571889 0.052510098095787654 0.030947775628626693
2 0.7215810732833238 0.3916827852998066 0.04558568955568378 0.0367504835589942
2 0.7256203115983844 0.913926499032882 0.044431621465666475 0.05738233397807866
2 0.8364108482400462 0.7801418439716312 0.04789382573571841 0.04384268214055448
2 0.9099826889786498 0.7404900064474532 0.031159838430467397 0.05222437137330754
2 0.9244085401038661 0.8388136686009027 0.03462204270051933 0.04513217279174726
2 0.8615118291979227 0.971953578336557 0.04616272360069244 0.0548033526756931
2 0.7631275245239469 0.9693745970341715 0.0363531448355453 0.04964539007092199
2 0.706866705135603 0.8020631850419084 0.03923831506058857 0.04771115409413282
2 0.7025389497980381 0.8430045132172792 0.04096941719561454 0.050934880722114766
2 0.6618580496249279 0.39490651192778853 0.05654933641084824 0.0367504835589942
2 0.7354298903635315 0.36137975499677627 0.03981534910559723 0.03417150225660864
2 0.9238315060588574 0.9580915538362347 0.04500865551067513 0.07092198581560284
2 0.7322562031159838 0.5747904577691811 0.027697634160415464 0.050934880722114766
2 0.7824581650317368 0.5435203094777563 0.03923831506058857 0.049000644745325596
2 0.8280438545874207 0.38684719535783363 0.02192729371032891 0.04771115409413282
2 0.8742065781881131 0.8617021276595744 0.028851702250432775 0.048355899419729204
2 0.5605885747259088 0.8752417794970987 0.042123485285631854 0.04448742746615087
2 0.604731679169071 0.8465506125080593 0.03577611079053664 0.05029013539651837
2 0.46941719561454126 0.7243713733075435 0.030582804385458743 0.047066408768536426
2 0.42469705712637046 0.6038039974210186 0.03231390652048471 0.048355899419729204
2 0.6520484708597807 0.4506769825918762 0.030005770340450086 0.04771115409413282
2 0.8113098672821697 0.6147646679561574 0.04616272360069244 0.041908446163765316
2 0.8398730525100981 0.6102514506769826 0.0363531448355453 0.047066408768536426
2 0.5617426428159261 0.14925854287556414 0.04096941719561454 0.0548033526756931
2 0.18869013271783036 0.36976144422952933 0.050778995960761686 0.03417150225660864
2 0.794864396999423 0.741779497098646 0.030582804385458743 0.04964539007092199
2 0.8984420080784766 0.8430045132172792 0.03462204270051933 0.04448742746615087
2 0.9342181188690133 0.6544165054803353 0.03923831506058857 0.05029013539651837
2 0.5600115406809002 0.7933591231463571 0.031736872475476054 0.04061895551257253
2 0.9088286208886325 0.5638297872340425 0.05770340450086555 0.04964539007092199
2 0.7703404500865552 0.4758220502901354 0.027697634160415464 0.05544809800128949
2 0.668205424120023 0.6963249516441006 0.028851702250432775 0.04513217279174726
2 0.7383150605885748 0.8478401031592521 0.03981534910559723 0.04771115409413282
2 0.864396999422966 0.7530625402965828 0.04270051933064051 0.061895551257253385
2 0.9391229082515868 0.7375886524822695 0.0363531448355453 0.03352675693101225
2 0.9512406231967686 0.8649258542875564 0.042123485285631854 0.048355899419729204
2 0.9772071552221581 0.9816247582205029 0.034045008655510675 0.03546099290780142
2 0.8156376226197346 0.8452611218568665 0.030582804385458743 0.049000644745325596
2 0.7694748990190421 0.7617666021921341 0.05020196191575303 0.04448742746615087
2 0.8113098672821697 0.6611863313990973 0.04500865551067513 0.03417150225660864
2 0.7250432775533756 0.4203739522888459 0.05135603000577034 0.03352675693101225
2 0.6607039815349106 0.30851063829787234 0.04270051933064051 0.048355899419729204
2 0.8193883439122909 0.5154738878143134 0.03462204270051933 0.04448742746615087
2 0.5649163300634737 0.4332688588007737 0.026543566070398154 0.039974210186976146
2 0.4829774956722447 0.33043197936814955 0.025389497980380843 0.04319793681495809
2 0.46018465089440275 0.46679561573178596 0.04904789382573572 0.03868471953578337
2 0.5796306982111945 0.731785944551902 0.03866128101557992 0.039974210186976146
2 0.6713791113675707 0.8475177304964538 0.025966532025389497 0.047066408768536426
2 0.6445470282746683 0.8955512572533849 0.03577611079053664 0.05029013539651837
2 0.17484131563762262 0.29142488716956805 0.04385458742065782 0.03352675693101225
2 0.1142527409117138 0.29497098646034814 0.03923831506058857 0.039329464861379754
2 0.09203693017888055 0.4316569954867827 0.027120600115406807 0.0367504835589942
2 0.19301788805539527 0.19729206963249515 0.02827466820542412 0.058027079303675046
2 0.4004616272360069 0.1756931012250161 0.040392383150605886 0.027724049000644745
2 0.4939411425274091 0.07059961315280464 0.04385458742065782 0.04319793681495809
2 0.3525678015002885 0.03900709219858156 0.05539526832083093 0.04964539007092199
2 0.3958453548759377 0.13023855577047067 0.048470859780727064 0.030947775628626693
2 0.4365262550490479 0.04771115409413282 0.04904789382573572 0.030947775628626693
2 0.12261973456433929 0.058027079303675046 0.03981534910559723 0.032237266279819474
2 0.26341604154645126 0.1283043197936815 0.03519907674552799 0.03868471953578337
2 0.2152336987882285 0.023533204384268213 0.03462204270051933 0.04577691811734365
2 0.36093479515291405 0.19310122501611862 0.021350259665320254 0.04577691811734365
2 0.40911713791113674 0.20857511283043198 0.04385458742065782 0.03288201160541586
2 0.5190421234852857 0.1399097356544165 0.04327755337564916 0.03352675693101225
2 0.4847085978072706 0.816247582205029 0.028851702250432775 0.058027079303675046
2 0.7521638776687825 0.6847195357833655 0.025966532025389497 0.04642166344294004
2 0.6635891517599538 0.7733720180528691 0.040392383150605886 0.030303030303030304