2 0.242040285899935 0.9533997655334114 0.07342430149447693 0.06389214536928488
2 0.48505523066926576 0.49501758499413834 0.07602339181286549 0.08616647127784291
2 0.905458089668616 0.261137162954279 0.06432748538011696 0.07327080890973037
2 0.6530214424951267 0.2966002344665885 0.07797270955165692 0.06799531066822978
2 0.7144249512670565 0.37075029308323565 0.057829759584145546 0.047479484173505275
2 0.8326835607537362 0.5017584994138335 0.04873294346978557 0.053927315357561546
2 0.38596491228070173 0.44724501758499413 0.07407407407407407 0.0668229777256741
2 0.8918128654970761 0.3071512309495897 0.0539311241065627 0.03399765533411489
0 0.7157244964262508 0.3678194607268464 0.03443794671864847 0.022860492379835874
0 0.9155295646523717 0.2672919109026964 0.03508771929824561 0.02579132473622509
1 0.3908382066276803 0.4457796014067995 0.024041585445094216 0.022860492379835874
1 0.4951267056530214 0.4944314185228605 0.029889538661468484 0.022860492379835874
1 0.8258609486679662 0.5137749120750293 0.028589993502274202 0.02403282532239156
1 0.6533463287849253 0.2933763188745604 0.025341130604288498 0.022860492379835874
0 0.24041585445094216 0.9604337631887456 0.028589993502274202 0.02403282532239156