2 0.47926980198019803 0.06721311475409836 0.07116336633663366 0.06229508196721312
2 0.5182549504950495 0.6298360655737705 0.06621287128712872 0.0780327868852459
2 0.3527227722772277 0.7622950819672131 0.055693069306930694 0.06491803278688525
2 0.5485767326732673 0.4914754098360656 0.05136138613861386 0.06098360655737705
2 0.3533415841584158 0.1298360655737705 0.0594059405940594 0.09180327868852459
2 0.5414603960396039 0.17508196721311475 0.07425742574257425 0.06032786885245902
2 0.6178836633663366 0.5055737704918033 0.0625 0.06557377049180328
2 0.22896039603960397 0.7878688524590164 0.05693069306930693 0.043934426229508196
2 0.46441831683168316 0.6845901639344262 0.06373762376237624 0.049836065573770495
2 0.29146039603960394 0.7426229508196721 0.04950495049504951 0.06098360655737705
2 0.7376237623762376 0.2813114754098361 0.04207920792079208 0.04065573770491803
2 0.22586633663366337 0.8213114754098361 0.050742574257425746 0.04786885245901639
2 0.7905321782178217 0.10360655737704919 0.06621287128712872 0.05901639344262295
2 0.7713490099009901 0.2180327868852459 0.04764851485148515 0.037377049180327866
2 0.31714108910891087 0.16229508196721312 0.037747524752475246 0.06622950819672131
2 0.2806311881188119 0.22655737704918033 0.06373762376237624 0.06360655737704918
2 0.4588490099009901 0.15934426229508197 0.05012376237623763 0.06819672131147542
2 0.3808787128712871 0.16688524590163933 0.05631188118811881 0.06491803278688525
2 0.4003712871287129 0.10754098360655738 0.04579207920792079 0.05508196721311476
2 0.8016707920792079 0.05278688524590164 0.05136138613861386 0.04524590163934426
2 0.7490717821782178 0.03540983606557377 0.055074257425742575 0.04590163934426229
2 0.7877475247524752 0.02360655737704918 0.04950495049504951 0.043278688524590166
2 0.6896658415841584 0.023278688524590165 0.04517326732673267 0.037377049180327866
2 0.6698638613861386 0.24327868852459017 0.0327970297029703 0.06819672131147542
2 0.6547029702970297 0.03901639344262295 0.04455445544554455 0.04524590163934426
2 0.4006806930693069 0.35147540983606557 0.06126237623762376 0.057704918032786885
2 0.6791460396039604 0.4540983606557377 0.04517326732673267 0.03344262295081967
2 0.6497524752475248 0.4839344262295082 0.06806930693069307 0.0419672131147541
2 0.47029702970297027 0.5350819672131147 0.050742574257425746 0.051147540983606556
2 0.40810643564356436 0.4560655737704918 0.09344059405940594 0.058360655737704915
2 0.5046410891089109 0.45049180327868854 0.07116336633663366 0.06557377049180328
2 0.5606435643564357 0.34885245901639345 0.06683168316831684 0.04065573770491803
2 0.39542079207920794 0.720983606557377 0.06311881188118812 0.04918032786885246
2 0.5705445544554455 0.5616393442622951 0.055693069306930694 0.04918032786885246
2 0.4251237623762376 0.5049180327868853 0.06188118811881188 0.03016393442622951
2 0.32425742574257427 0.5832786885245902 0.06806930693069307 0.06360655737704918
2 0.10303217821782178 0.739344262295082 0.06497524752475248 0.06360655737704918
2 0.2995049504950495 0.781311475409836 0.06188118811881188 0.07540983606557378
2 0.06775990099009901 0.5137704918032787 0.0823019801980198 0.05967213114754098
2 0.20513613861386137 0.6081967213114754 0.0525990099009901 0.05573770491803279
2 0.15841584158415842 0.5632786885245902 0.05693069306930693 0.04459016393442623
2 0.6896658415841584 0.05213114754098361 0.04888613861386139 0.037377049180327866
2 0.6475866336633663 0.35442622950819674 0.04888613861386139 0.058360655737704915
2 0.7465965346534653 0.21344262295081967 0.06373762376237624 0.050491803278688525
2 0.6961633663366337 0.33901639344262297 0.04084158415841584 0.0380327868852459
2 0.7159653465346535 0.39311475409836066 0.04579207920792079 0.025573770491803278
2 0.4870049504950495 0.6750819672131148 0.06188118811881188 0.029508196721311476
2 0.32951732673267325 0.7718032786885246 0.03155940594059406 0.05901639344262295
2 0.03310643564356436 0.5475409836065573 0.05136138613861386 0.036721311475409836