2 0.05190311418685121 0.8769128409846972 0.05536332179930796 0.10778443113772455
2 0.7661476355247981 0.260146373918829 0.07093425605536333 0.06520292747837658
2 0.7771049596309112 0.21590153027278775 0.06747404844290658 0.05389221556886228
2 0.0983275663206459 0.8842315369261478 0.0651672433679354 0.08117099135063206
2 0.08765859284890427 0.645043246839654 0.058823529411764705 0.07651363938789088
2 0.07583621683967705 0.6969394544244844 0.07093425605536333 0.06719893546240852
2 0.12024221453287197 0.7029274783765802 0.04440599769319493 0.08050565535595476
0 0.7476931949250288 0.2744510978043912 0.02710495963091119 0.04590818363273453
2 0.35726643598615915 0.6716566866267465 0.04440599769319493 0.047238855622089154
0 0.34457900807381775 0.6706586826347305 0.025951557093425604 0.027944111776447105
0 0.09630911188004614 0.6563539587491684 0.03690888119953864 0.028609447771124417
1 0.07179930795847751 0.6849634065202928 0.02364475201845444 0.03127079174983367
1 0.10726643598615918 0.6999334664005322 0.02191464821222607 0.027944111776447105
0 0.03575547866205306 0.8662674650698603 0.03229527104959631 0.0332667997338656
0 0.07785467128027682 0.894544244843646 0.03344867358708189 0.028609447771124417