2 0.780053428317008 0.4419306184012066 0.0943900267141585 0.06334841628959276
2 0.22172751558325912 0.44042232277526394 0.09260908281389137 0.05128205128205128
2 0.22751558325912732 0.5554298642533937 0.08103294746215495 0.03996983408748114
2 0.2373107747105966 0.6365007541478129 0.07390917186108638 0.0693815987933635
2 0.5886019590382903 0.37895927601809953 0.0819234194122885 0.07013574660633484
2 0.3557435440783615 0.07503770739064856 0.06322350845948353 0.06862745098039216
2 0.1611754229741763 0.38009049773755654 0.07123775601068566 0.06787330316742081
2 0.3579697239536955 0.4264705882352941 0.08014247551202137 0.07918552036199095
2 0.48308103294746213 0.45211161387631976 0.07747105966162066 0.0746606334841629
2 0.039180765805877114 0.46644042232277527 0.06411398040961709 0.0746606334841629
2 0.26447016918967053 0.6907993966817496 0.0730186999109528 0.042232277526395176
2 0.45859305431878894 0.5109351432880844 0.06945681211041853 0.03996983408748114
2 0.3869100623330365 0.4645550527903469 0.06500445235975066 0.05279034690799397
2 0.41763134461264473 0.47398190045248867 0.04986642920747997 0.06259426847662142
2 0.39447907390917186 0.09125188536953242 0.053428317008014245 0.05128205128205128
2 0.39136242208370436 0.14819004524886878 0.04007123775601069 0.05052790346907994
2 0.44122885129118433 0.17496229260935142 0.06678539626001781 0.0392156862745098
2 0.5231522707034728 0.01885369532428356 0.06856634016028496 0.03469079939668175
0 0.22617987533392697 0.639894419306184 0.04630454140694568 0.03092006033182504
0 0.25734639358860195 0.6802413273001509 0.028495102404274265 0.027149321266968326
0 0.20302760463045413 0.4238310708898944 0.028495102404274265 0.03167420814479638
0 0.02894033837934105 0.4720965309200603 0.03294746215494212 0.02262443438914027
0 0.1549421193232413 0.37631975867269984 0.028495102404274265 0.02564102564102564
1 0.3504007123775601 0.4279788838612368 0.041852181656277826 0.02790346907993967
1 0.4759572573463936 0.4528657616892911 0.025823686553873553 0.026395173453996983
1 0.43722172751558325 0.5222473604826546 0.024933214603739984 0.02790346907993967
1 0.3806767586821015 0.46153846153846156 0.02404274265360641 0.03167420814479638
0 0.7849510240427426 0.4264705882352941 0.03294746215494212 0.033936651583710405
0 0.5877114870881567 0.38310708898944196 0.032056990204808546 0.030165912518853696
0 0.43187889581478184 0.47398190045248867 0.026714158504007122 0.032428355957767725
0 0.4568121104185218 0.1768476621417798 0.032056990204808546 0.021870286576168928
0 0.38913624220837045 0.13574660633484162 0.0213713268032057 0.030165912518853696
1 0.40605520926090827 0.08710407239819004 0.02315227070347284 0.021870286576168928