2 0.6983149708360337 0.8186746987951807 0.060272197018794556 0.05783132530120482
2 0.5119896305897602 0.8144578313253013 0.05573558003888529 0.06385542168674699
2 0.07355800388852884 0.18162650602409638 0.08878807517822424 0.05602409638554217
2 0.6040181464679196 0.7536144578313253 0.06740116655865197 0.05421686746987952
2 0.40473104342190536 0.4608433734939759 0.0797148412184057 0.06626506024096386
2 0.6001296176279974 0.886144578313253 0.06480881399870382 0.06385542168674699
2 0.7031756318859365 0.5605421686746987 0.08554763447828904 0.045180722891566265
2 0.45787427090084254 0.5548192771084337 0.06286454957874271 0.07228915662650602
2 0.3353856124432923 0.5012048192771085 0.04860661049902787 0.06506024096385542
2 0.4309786130913804 0.5159638554216868 0.059624108878807515 0.05602409638554217
2 0.20836033700583279 0.42018072289156627 0.053791315618924175 0.06686746987951807
2 0.3694102397926118 0.4090361445783133 0.05832793259883344 0.05301204819277108
2 0.31270252754374595 0.44006024096385543 0.04471808165910564 0.0463855421686747
2 0.3480233311730395 0.5957831325301205 0.06351263771872975 0.04457831325301205
2 0.3276085547634478 0.5602409638554217 0.05897602073882048 0.04819277108433735
2 0.6934543097861309 0.9518072289156626 0.04536616979909268 0.05301204819277108
2 0.6681788723266364 0.8192771084337349 0.05573558003888529 0.05301204819277108
2 0.6396629941672067 0.7581325301204819 0.04795852235904083 0.05240963855421687
2 0.30784186649384315 0.7322289156626506 0.0492546986390149 0.04036144578313253
2 0.2576150356448477 0.4003012048192771 0.04601425793907971 0.06325301204819277
2 0.24530136098509397 0.3572289156626506 0.06416072585871678 0.02891566265060241
2 0.14387556707712248 0.4075301204819277 0.05443940375891121 0.04879518072289157
2 0.34640311082307196 0.4331325301204819 0.057679844458846406 0.04939759036144578
2 0.23460790667530784 0.536144578313253 0.03888528839922229 0.04216867469879518
2 0.1542449773169151 0.511144578313253 0.04147764095917045 0.0391566265060241
2 0.1918340894361633 0.4855421686746988 0.04277381723914452 0.03614457831325301
2 0.5055087491898899 0.3325301204819277 0.04536616979909268 0.056626506024096385
2 0.4627349319507453 0.3409638554216867 0.046662346079066754 0.04216867469879518