2 0.232695810564663 0.7420349434737924 0.08105646630236794 0.07810894141829394
2 0.24408014571949 0.8720452209660843 0.07468123861566485 0.1223021582733813
2 0.47859744990892533 0.5503597122302158 0.07194899817850638 0.0750256937307297
2 0.6193078324225865 0.4845837615621788 0.08196721311475409 0.09969167523124357
2 0.5774134790528234 0.3371017471736896 0.10200364298724955 0.06783144912641316
2 0.5897085610200364 0.26670092497430625 0.07377049180327869 0.08324768756423433
2 0.8724954462659381 0.6068859198355602 0.07468123861566485 0.07297019527235354
2 0.5878870673952641 0.9768756423432683 0.05191256830601093 0.044193216855087356
2 0.23998178506375228 0.9671120246659815 0.06648451730418943 0.051387461459403906
0 0.5910746812386156 0.27029804727646456 0.030965391621129327 0.024665981500513873
1 0.581511839708561 0.31654676258992803 0.028233151183970857 0.03905447070914697
0 0.6129326047358834 0.49023638232271327 0.04007285974499089 0.041109969167523124
1 0.4858834244080146 0.5519013360739979 0.031876138433515486 0.03494347379239465
0 0.8843351548269581 0.6253854059609455 0.04189435336976321 0.03391572456320658
2 0.9608378870673953 0.6243576567317575 0.04007285974499089 0.06474820143884892
2 0.900728597449909 0.6546762589928058 0.060109289617486336 0.03905447070914697
0 0.6844262295081968 0.725077081192189 0.03551912568306011 0.03391572456320658
1 0.23224043715846995 0.7358684480986639 0.03278688524590164 0.02877697841726619
0 0.25774134790528236 0.869475847893114 0.04735883424408015 0.041109969167523124
1 0.5915300546448088 0.9645426515930113 0.022768670309653915 0.03186022610483042
1 0.25318761384335153 0.9691675231243576 0.030965391621129327 0.030832476875642344
2 0.6844262295081968 0.38335046248715315 0.0610200364298725 0.06166495375128469
2 0.6484517304189436 0.3982528263103803 0.07650273224043716 0.06885919835560124
0 0.6343351548269581 0.3972250770811922 0.031876138433515486 0.02774922918807811
1 0.907103825136612 0.6413155190133607 0.023679417122040074 0.030832476875642344
2 0.6867030965391621 0.7261048304213772 0.07285974499089254 0.08530318602261049
1 0.6703096539162113 0.38900308324768756 0.020036429872495445 0.025693730729701953