2 0.5551020408163265 0.4193742478941035 0.08163265306122448 0.08062575210589651
2 0.7836734693877551 0.3712394705174489 0.0653061224489796 0.09025270758122744
2 0.6108843537414966 0.09687123947051744 0.11700680272108843 0.08062575210589651
2 0.5829931972789115 0.1407942238267148 0.11292517006802721 0.06498194945848375
2 0.7755102040816326 0.17990373044524668 0.10068027210884353 0.061371841155234655
2 0.29183673469387755 0.5788206979542719 0.09115646258503401 0.098676293622142
2 0.7034013605442176 0.7575210589651022 0.08435374149659863 0.1263537906137184
2 0.7482993197278912 0.7117930204572804 0.10884353741496598 0.07340553549939831
2 0.21768707482993196 0.7424789410348978 0.11428571428571428 0.07220216606498195
2 0.07482993197278912 0.5980746089049338 0.09523809523809523 0.08664259927797834
2 0.154421768707483 0.6335740072202166 0.06938775510204082 0.08303249097472924
2 0.19251700680272107 0.6780986762936222 0.11020408163265306 0.07581227436823104
2 0.22653061224489796 0.6215403128760529 0.09115646258503401 0.049338146811071
2 0.13945578231292516 0.5800240673886883 0.08027210884353742 0.052948255114320095
2 0.17210884353741496 0.802647412755716 0.08843537414965986 0.07460890493381468
2 0.11564625850340136 0.8104693140794224 0.07891156462585033 0.07581227436823104
2 0.061224489795918366 0.8134777376654633 0.09523809523809523 0.05535499398315283
2 0.05102040816326531 0.7214199759326113 0.07482993197278912 0.09265944645006016
2 0.9258503401360544 0.3164861612515042 0.07755102040816327 0.06016847172081829
2 0.7299319727891157 0.07701564380264742 0.058503401360544216 0.07460890493381468
2 0.06802721088435375 0.5397111913357401 0.05714285714285714 0.05896510228640193
2 0.23333333333333334 0.42539109506618533 0.07482993197278912 0.06377858002406739
2 0.08163265306122448 0.3971119133574007 0.13877551020408163 0.06738868832731648
2 0.6952380952380952 0.4897713598074609 0.0761904761904762 0.11552346570397112
2 0.4884353741496599 0.17148014440433212 0.0707482993197279 0.08303249097472924
2 0.41836734693877553 0.28459687123947053 0.058503401360544216 0.039711191335740074
2 0.38299319727891157 0.33212996389891697 0.053061224489795916 0.06738868832731648
2 0.07755102040816327 0.4855595667870036 0.0761904761904762 0.06859205776173286
0 0.6918367346938775 0.7575210589651022 0.047619047619047616 0.03730445246690734
1 0.7482993197278912 0.703971119133574 0.0326530612244898 0.04091456077015644
0 0.17210884353741496 0.8038507821901324 0.04217687074829932 0.036101083032490974
1 0.058503401360544216 0.8273164861612515 0.03537414965986395 0.03489771359807461
1 0.10884353741496598 0.7912154031287605 0.0380952380952381 0.04693140794223827
1 0.21292517006802722 0.753309265944645 0.031292517006802724 0.036101083032490974
1 0.027210884353741496 0.7539109506618532 0.029931972789115645 0.03730445246690734
1 0.06666666666666667 0.7208182912154031 0.04081632653061224 0.03369434416365824
0 0.18299319727891156 0.6768953068592057 0.058503401360544216 0.03730445246690734
1 0.30272108843537415 0.5830324909747292 0.04217687074829932 0.03489771359807461
1 0.24557823129251702 0.6329723225030084 0.03945578231292517 0.02888086642599278
1 0.16258503401360544 0.628158844765343 0.03945578231292517 0.031287605294825514
0 0.07687074829931972 0.4681107099879663 0.034013605442176874 0.04332129963898917
0 0.23129251700680273 0.4362214199759326 0.04081632653061224 0.039711191335740074
0 0.07551020408163266 0.3838748495788207 0.04217687074829932 0.04091456077015644
1 0.38299319727891157 0.3381468110709988 0.034013605442176874 0.03850782190132371
1 0.40680272108843535 0.29001203369434414 0.04081632653061224 0.03369434416365824
0 0.563265306122449 0.4175691937424789 0.03537414965986395 0.03850782190132371
0 0.6700680272108843 0.48194945848375453 0.047619047619047616 0.032490974729241874
0 0.7904761904761904 0.345367027677497 0.03537414965986395 0.04091456077015644
0 0.4741496598639456 0.16666666666666666 0.04217687074829932 0.039711191335740074
0 0.7700680272108843 0.1901323706377858 0.03537414965986395 0.04091456077015644
1 0.5789115646258504 0.154632972322503 0.036734693877551024 0.03730445246690734
1 0.608843537414966 0.10589651022864019 0.034013605442176874 0.04091456077015644
2 0.7272108843537415 0.12394705174488568 0.06938775510204082 0.06257521058965103
2 0.3224489795918367 0.351985559566787 0.09251700680272108 0.06377858002406739
0 0.33197278911564626 0.3417569193742479 0.04081632653061224 0.03850782190132371
2 0.7285714285714285 0.0246690734055355 0.044897959183673466 0.04693140794223827
1 0.13673469387755102 0.5998796630565584 0.031292517006802724 0.030084235860409144
1 0.07687074829931972 0.6010830324909747 0.03945578231292517 0.027677496991576414
1 0.0653061224489796 0.549338146811071 0.029931972789115645 0.032490974729241874
2 0.9231292517006803 0.3110709987966306 0.02857142857142857 0.030084235860409144
1 0.7387755102040816 0.01684717208182912 0.0326530612244898 0.026474127557160047
1 0.7374149659863946 0.11732851985559567 0.027210884353741496 0.027677496991576414
1 0.7258503401360544 0.06377858002406739 0.02857142857142857 0.024067388688327317