2 0.1902654867256637 0.23834498834498835 0.35693215339233036 0.3811188811188811
2 0.4199852507374631 0.32226107226107226 0.38569321533923306 0.4370629370629371
2 0.6651917404129793 0.40675990675990675 0.2861356932153392 0.44755244755244755
2 0.8344395280235988 0.7016317016317016 0.306047197640118 0.5198135198135199
2 0.41556047197640117 0.7255244755244755 0.3075221238938053 0.4417249417249417
1 0.18178466076696165 0.168997668997669 0.08923303834808259 0.1655011655011655
0 0.4225663716814159 0.25524475524475526 0.10176991150442478 0.18181818181818182
0 0.4564896755162242 0.7494172494172494 0.12536873156342182 0.16783216783216784
0 0.8447640117994101 0.7191142191142191 0.1084070796460177 0.1888111888111888
1 0.6404867256637168 0.44871794871794873 0.09070796460176991 0.13053613053613053
2 0.04609144542772861 0.5005827505827506 0.08628318584070796 0.4976689976689977