2 0.6605577689243027 0.6945454545454546 0.08127490039840637 0.06727272727272728
2 0.8454183266932271 0.5277272727272727 0.06693227091633466 0.09727272727272727
2 0.43147410358565735 0.6327272727272727 0.06613545816733067 0.10181818181818182
2 0.3772908366533865 0.6559090909090909 0.06454183266932272 0.08636363636363636
2 0.7820717131474103 0.275 0.05816733067729084 0.1009090909090909
2 0.9087649402390439 0.49954545454545457 0.07250996015936255 0.07363636363636364
2 0.9645418326693227 0.5372727272727272 0.05976095617529881 0.09272727272727273
2 0.6274900398406374 0.3940909090909091 0.0549800796812749 0.09363636363636364
2 0.6669322709163347 0.28909090909090907 0.07649402390438247 0.07818181818181819
2 0.9382470119521913 0.16318181818181818 0.06772908366533864 0.07727272727272727
2 0.47808764940239046 0.6713636363636364 0.06852589641434263 0.06636363636363636
2 0.898406374501992 0.41409090909090907 0.08525896414342629 0.07545454545454545
2 0.5071713147410358 0.8781818181818182 0.06613545816733067 0.08181818181818182
2 0.8669322709163346 0.28045454545454546 0.07171314741035857 0.07363636363636364
2 0.8729083665338645 0.18 0.043824701195219126 0.09090909090909091
2 0.7322709163346613 0.23045454545454547 0.06693227091633466 0.07
2 0.6633466135458167 0.5340909090909091 0.06454183266932272 0.07181818181818182
2 0.8350597609561753 0.4622727272727273 0.05737051792828685 0.057272727272727274
2 0.49840637450199204 0.7509090909090909 0.07091633466135458 0.07818181818181819
2 0.5812749003984063 0.5513636363636364 0.0549800796812749 0.07727272727272727
0 0.6601593625498008 0.7036363636363636 0.02948207171314741 0.034545454545454546
1 0.3772908366533865 0.655 0.031075697211155377 0.035454545454545454
0 0.4243027888446215 0.6313636363636363 0.02948207171314741 0.031818181818181815
0 0.6697211155378486 0.55 0.03266932270916335 0.03636363636363636
0 0.851394422310757 0.5322727272727272 0.034262948207171316 0.03363636363636364
0 0.8904382470119522 0.4177272727272727 0.03266932270916335 0.03727272727272727
0 0.950597609561753 0.5372727272727272 0.04302788844621514 0.038181818181818185
1 0.9099601593625498 0.495 0.027091633466135457 0.031818181818181815
0 0.7920318725099602 0.2731818181818182 0.0350597609561753 0.031818181818181815
0 0.6597609561752988 0.2990909090909091 0.03187250996015936 0.04
0 0.5705179282868525 0.5486363636363636 0.027091633466135457 0.03727272727272727
0 0.847011952191235 0.45681818181818185 0.030278884462151396 0.03
0 0.5175298804780877 0.8854545454545455 0.03266932270916335 0.02909090909090909
0 0.4756972111553785 0.6581818181818182 0.02390438247011952 0.034545454545454546