2 0.6945701357466063 0.8946335078534031 0.10180995475113122 0.08507853403141362
2 0.5367647058823529 0.8226439790575916 0.08257918552036199 0.09554973821989529
2 0.6368778280542986 0.7284031413612565 0.08597285067873303 0.10078534031413612
2 0.628393665158371 0.5654450261780105 0.08936651583710407 0.09424083769633508
2 0.6940045248868778 0.4083769633507853 0.06900452488687783 0.060209424083769635
2 0.5486425339366516 0.599476439790576 0.07013574660633484 0.09947643979057591
2 0.5294117647058824 0.7506544502617801 0.09728506787330317 0.09554973821989529
2 0.5339366515837104 0.6708115183246073 0.07692307692307693 0.11387434554973822
2 0.3093891402714932 0.4430628272251309 0.08484162895927602 0.08507853403141362
2 0.26300904977375567 0.555628272251309 0.0757918552036199 0.12696335078534032
2 0.5339366515837104 0.45418848167539266 0.08144796380090498 0.09424083769633508
2 0.46210407239819007 0.6773560209424084 0.08257918552036199 0.07984293193717278
2 0.47737556561085975 0.5379581151832461 0.08823529411764706 0.0968586387434555
2 0.23076923076923078 0.41034031413612565 0.06108597285067873 0.08507853403141362
2 0.3993212669683258 0.3756544502617801 0.06787330316742081 0.1387434554973822
2 0.25622171945701355 0.33049738219895286 0.08031674208144797 0.08769633507853403
2 0.31108597285067874 0.5484293193717278 0.07013574660633484 0.1099476439790576
2 0.35294117647058826 0.6079842931937173 0.049773755656108594 0.0693717277486911
2 0.3438914027149321 0.3475130890052356 0.07239819004524888 0.1243455497382199
2 0.2867647058823529 0.3717277486910995 0.06447963800904978 0.07329842931937172
2 0.3902714932126697 0.08900523560209424 0.10633484162895927 0.08376963350785341
2 0.45248868778280543 0.11649214659685864 0.083710407239819 0.07591623036649214
2 0.34502262443438914 0.17212041884816753 0.09728506787330317 0.07984293193717278
2 0.4417420814479638 0.2591623036649215 0.08484162895927602 0.10732984293193717
2 0.248868778280543 0.21465968586387435 0.07692307692307693 0.07853403141361257
2 0.31165158371040724 0.20484293193717276 0.06221719457013575 0.0824607329842932
0 0.38687782805429866 0.10209424083769633 0.033936651583710405 0.03926701570680628
0 0.45361990950226244 0.10143979057591623 0.027149321266968326 0.04057591623036649
1 0.4417420814479638 0.25719895287958117 0.032805429864253395 0.04057591623036649
0 0.36199095022624433 0.2486910994764398 0.03167420814479638 0.04450261780104712
2 0.3670814479638009 0.23821989528795812 0.07126696832579185 0.07853403141361257
1 0.24830316742081449 0.32787958115183247 0.03733031674208145 0.03795811518324607
1 0.23868778280542988 0.4129581151832461 0.029411764705882353 0.04057591623036649
0 0.3506787330316742 0.3331151832460733 0.042986425339366516 0.04842931937172775
0 0.38461538461538464 0.3717277486910995 0.033936651583710405 0.03926701570680628
0 0.31447963800904977 0.43586387434554974 0.029411764705882353 0.041884816753926704
0 0.5277149321266968 0.450261780104712 0.030542986425339366 0.03926701570680628
0 0.28054298642533937 0.5647905759162304 0.04524886877828054 0.03795811518324607
0 0.3240950226244344 0.5399214659685864 0.032805429864253395 0.03534031413612566
1 0.629524886877828 0.5713350785340314 0.02828054298642534 0.04319371727748691
1 0.5605203619909502 0.5981675392670157 0.032805429864253395 0.031413612565445025
0 0.47285067873303166 0.5366492146596858 0.03619909502262444 0.05235602094240838
0 0.544683257918552 0.6649214659685864 0.03959276018099547 0.03926701570680628
0 0.6527149321266968 0.7198952879581152 0.038461538461538464 0.034031413612565446
0 0.544683257918552 0.8304973821989529 0.032805429864253395 0.04057591623036649
1 0.6968325791855203 0.9077225130890052 0.029411764705882353 0.03795811518324607
0 0.3914027149321267 0.5202879581151832 0.033936651583710405 0.04581151832460733
2 0.3829185520361991 0.5268324607329843 0.05995475113122172 0.05366492146596859
1 0.36934389140271495 0.6047120418848168 0.02828054298642534 0.028795811518324606
1 0.5192307692307693 0.7414921465968587 0.027149321266968326 0.030104712041884817
0 0.4485294117647059 0.6780104712041884 0.03733031674208145 0.03664921465968586
0 0.6906108597285068 0.3920157068062827 0.03506787330316742 0.04057591623036649
0 0.3003393665158371 0.36780104712041883 0.032805429864253395 0.031413612565445025
2 0.4264705882352941 0.16295811518324607 0.07239819004524888 0.09554973821989529
0 0.4321266968325792 0.15772251308900523 0.03619909502262444 0.03534031413612566
1 0.34728506787330315 0.17539267015706805 0.033936651583710405 0.041884816753926704