2 0.30702416918429004 0.5758232235701907 0.06873111782477341 0.0927209705372617
2 0.774546827794562 0.42287694974003465 0.06419939577039276 0.08145580589254767
2 0.3931268882175227 0.24653379549393414 0.07175226586102719 0.0632582322357019
2 0.8719788519637462 0.6620450606585788 0.06873111782477341 0.0831889081455806
2 0.55702416918429 0.2564991334488735 0.06268882175226587 0.09185441941074524
2 0.8700906344410876 0.5862218370883883 0.06797583081570997 0.08578856152512998
2 0.6446374622356495 0.3431542461005199 0.033987915407854986 0.0658578856152513
2 0.5929003021148036 0.285528596187175 0.08006042296072508 0.07192374350086655
1 0.7715256797583081 0.4285095320623917 0.023413897280966767 0.030329289428076257
1 0.3013595166163142 0.57842287694974 0.03323262839879154 0.02859618717504333
0 0.25113293051359514 0.036395147313691506 0.0324773413897281 0.036395147313691506