2 0.9444444444444444 0.6415525114155252 0.0842911877394636 0.0837138508371385
2 0.9157088122605364 0.4025875190258752 0.1111111111111111 0.0867579908675799
2 0.46264367816091956 0.789193302891933 0.10919540229885058 0.0654490106544901
2 0.446360153256705 0.8774733637747336 0.10344827586206896 0.0654490106544901
2 0.05076628352490421 0.06468797564687975 0.09386973180076628 0.0806697108066971
2 0.6743295019157088 0.6971080669710806 0.10344827586206896 0.076103500761035
2 0.7777777777777778 0.6316590563165906 0.07662835249042145 0.0700152207001522
0 0.05842911877394636 0.06354642313546423 0.04597701149425287 0.03576864535768645
1 0.914272030651341 0.4067732115677321 0.04885057471264368 0.03729071537290715
1 0.9487547892720306 0.639269406392694 0.04885057471264368 0.030441400304414
1 0.7811302681992337 0.634703196347032 0.04693486590038314 0.030441400304414
1 0.6839080459770115 0.6997716894977168 0.04597701149425287 0.03881278538812785
1 0.4549808429118774 0.8006088280060882 0.03639846743295019 0.0365296803652968
1 0.43726053639846746 0.8592085235920852 0.039272030651340994 0.0395738203957382