2 0.059714795008912656 0.7745098039215687 0.0873440285204991 0.08496732026143791
2 0.4696969696969697 0.8169934640522876 0.0855614973262032 0.09640522875816994
2 0.7170231729055259 0.6928104575163399 0.09536541889483066 0.0915032679738562
2 0.8155080213903744 0.6678921568627451 0.08377896613190731 0.059640522875817
2 0.8796791443850267 0.43137254901960786 0.11051693404634581 0.06045751633986928
2 0.714795008912656 0.4681372549019608 0.0873440285204991 0.07679738562091504
2 0.482174688057041 0.5625 0.08377896613190731 0.07598039215686274
2 0.43983957219251335 0.5004084967320261 0.09536541889483066 0.06944444444444445
2 0.733957219251337 0.24918300653594772 0.06862745098039216 0.08496732026143791
2 0.786096256684492 0.3055555555555556 0.11051693404634581 0.07516339869281045
2 0.09536541889483066 0.6156045751633987 0.0659536541889483 0.07598039215686274
2 0.7384135472370766 0.3145424836601307 0.05614973262032086 0.05392156862745098
2 0.9670231729055259 0.5269607843137255 0.06417112299465241 0.08333333333333333
2 0.5668449197860963 0.8022875816993464 0.062388591800356503 0.08006535947712418
1 0.04768270944741533 0.7679738562091504 0.031194295900178252 0.03431372549019608
0 0.07887700534759358 0.6127450980392157 0.040106951871657755 0.029411764705882353
0 0.45588235294117646 0.8100490196078431 0.03832442067736185 0.03676470588235294
1 0.483065953654189 0.5502450980392157 0.024955436720142603 0.031862745098039214
0 0.8025846702317291 0.6715686274509803 0.036541889483065956 0.029411764705882353
1 0.7094474153297683 0.6936274509803921 0.0392156862745098 0.03594771241830065
0 0.9563279857397504 0.5183823529411765 0.035650623885918005 0.028594771241830064
1 0.8796791443850267 0.4452614379084967 0.0285204991087344 0.03431372549019608
1 0.7179144385026738 0.4599673202614379 0.03297682709447415 0.0392156862745098
0 0.7745098039215687 0.2949346405228758 0.03208556149732621 0.03431372549019608
1 0.7299465240641712 0.31699346405228757 0.023172905525846704 0.029411764705882353
1 0.43404634581105167 0.5081699346405228 0.030303030303030304 0.032679738562091505
1 0.749554367201426 0.2757352941176471 0.0285204991087344 0.031862745098039214