2 0.1889763779527559 0.4093333333333333 0.07874015748031496 0.09333333333333334
2 0.43188976377952754 0.7493333333333333 0.07007874015748032 0.09777777777777778
2 0.3858267716535433 0.29155555555555557 0.07401574803149606 0.08888888888888889
2 0.41181102362204725 0.8208888888888889 0.06614173228346457 0.08444444444444445
2 0.2594488188976378 0.416 0.06062992125984252 0.08355555555555555
2 0.31811023622047246 0.3368888888888889 0.07716535433070866 0.09777777777777778
2 0.2543307086614173 0.6702222222222223 0.06299212598425197 0.09422222222222222
2 0.07007874015748032 0.3631111111111111 0.08503937007874016 0.06844444444444445
2 0.46614173228346456 0.972 0.08818897637795275 0.05422222222222222
2 0.3468503937007874 0.9164444444444444 0.05905511811023622 0.06577777777777778
2 0.49133858267716535 0.5288888888888889 0.07244094488188976 0.08355555555555555
2 0.3035433070866142 0.7435555555555555 0.08740157480314961 0.05422222222222222
2 0.33779527559055117 0.8697777777777778 0.050393700787401574 0.05422222222222222
2 0.334251968503937 0.9711111111111111 0.05748031496062992 0.050666666666666665
0 0.38149606299212596 0.29688888888888887 0.025984251968503937 0.037333333333333336
0 0.3220472440944882 0.344 0.03464566929133858 0.033777777777777775
1 0.2618110236220472 0.416 0.024409448818897637 0.035555555555555556
0 0.18464566929133858 0.4066666666666667 0.03543307086614173 0.03822222222222222
0 0.07519685039370079 0.36533333333333334 0.03385826771653543 0.032
1 0.48976377952755906 0.5404444444444444 0.028346456692913385 0.030222222222222223
0 0.2547244094488189 0.6764444444444444 0.029133858267716535 0.037333333333333336
0 0.4248031496062992 0.7413333333333333 0.03228346456692913 0.033777777777777775
0 0.2933070866141732 0.7266666666666667 0.024409448818897637 0.03288888888888889
0 0.41614173228346457 0.8128888888888889 0.025984251968503937 0.041777777777777775
0 0.3488188976377953 0.9217777777777778 0.028346456692913385 0.035555555555555556
0 0.34960629921259845 0.9773333333333334 0.025196850393700787 0.03288888888888889
2 0.4622047244094488 0.9044444444444445 0.03937007874015748 0.06666666666666667