2 0.6657329598506069 0.2959413754227734 0.11204481792717087 0.1319052987598647
2 0.8851540616246498 0.3996617812852311 0.09897292250233426 0.14994363021420518
2 0.7777777777777778 0.6082299887260428 0.06909430438842204 0.19503945885005636
2 0.9024276377217554 0.5501691093573844 0.10737628384687208 0.1555806087936866
2 0.9136321195144724 0.7170236753100339 0.13352007469654528 0.14205186020293123
2 0.4080298786181139 0.5450958286358512 0.05415499533146592 0.08906426155580609
2 0.16993464052287582 0.8049605411499436 0.11951447245564893 0.10372040586245772
2 0.16666666666666666 0.8618940248027057 0.13912231559290383 0.07553551296505073
1 0.19094304388422034 0.7779030439684329 0.04201680672268908 0.05411499436302142
1 0.17413632119514472 0.8354002254791432 0.040149393090569564 0.05411499436302142
1 0.6727357609710551 0.29819616685456596 0.04388422035480859 0.05749718151071026
0 0.9014939309056956 0.4069898534385569 0.051353874883286646 0.06313416009019165
0 0.8874883286647992 0.5439684329199549 0.04948646125116713 0.05749718151071026
0 0.9187675070028011 0.7085682074408117 0.05415499533146592 0.07553551296505073
1 0.4042950513538749 0.5625704622322435 0.03361344537815126 0.05186020293122886