2 0.2058287795992714 0.33214285714285713 0.07285974499089254 0.08571428571428572
2 0.1785063752276867 0.19375 0.060109289617486336 0.09464285714285714
2 0.3501821493624772 0.17946428571428572 0.09744990892531877 0.05892857142857143
2 0.7868852459016393 0.6428571428571429 0.06375227686703097 0.09107142857142857
2 0.73224043715847 0.7620535714285714 0.0546448087431694 0.09375
2 0.808287795992714 0.8160714285714286 0.09927140255009108 0.055357142857142855
2 0.9704007285974499 0.6169642857142857 0.05737704918032787 0.08571428571428572
2 0.558287795992714 0.29642857142857143 0.051001821493624776 0.09821428571428571
2 0.3324225865209472 0.4316964285714286 0.08014571948998178 0.06339285714285714
2 0.2900728597449909 0.3924107142857143 0.06466302367941712 0.09196428571428572
2 0.29098360655737704 0.34151785714285715 0.08469945355191257 0.08303571428571428
2 0.21402550091074682 0.11919642857142858 0.060109289617486336 0.049107142857142856
2 0.8324225865209471 0.5325892857142858 0.056466302367941715 0.06517857142857143
2 0.5746812386156649 0.4 0.07650273224043716 0.0625
2 0.5610200364298725 0.7223214285714286 0.07103825136612021 0.05892857142857143
2 0.34744990892531874 0.7669642857142858 0.06830601092896176 0.06785714285714285
2 0.8096539162112932 0.4700892857142857 0.07468123861566485 0.08482142857142858
0 0.28233151183970856 0.033928571428571426 0.023679417122040074 0.03214285714285714
0 0.21357012750455373 0.12544642857142857 0.026411657559198543 0.03125
1 0.1621129326047359 0.19508928571428572 0.0273224043715847 0.027678571428571427
0 0.35473588342440804 0.19330357142857144 0.028233151183970857 0.03482142857142857
0 0.19808743169398907 0.33348214285714284 0.031876138433515486 0.033035714285714286
1 0.5806010928961749 0.296875 0.02459016393442623 0.024107142857142858
1 0.2959927140255009 0.33883928571428573 0.0273224043715847 0.03125
0 0.2659380692167577 0.39732142857142855 0.03460837887067395 0.02857142857142857
0 0.32786885245901637 0.4401785714285714 0.0273224043715847 0.033928571428571426
0 0.5842440801457195 0.3834821428571429 0.020947176684881604 0.03125
1 0.8101092896174863 0.4669642857142857 0.026411657559198543 0.030357142857142857
0 0.8483606557377049 0.5299107142857142 0.031876138433515486 0.029464285714285714
1 0.7982695810564663 0.6446428571428572 0.026411657559198543 0.02857142857142857
0 0.98816029143898 0.61875 0.02185792349726776 0.03214285714285714
0 0.3629326047358834 0.7473214285714286 0.028233151183970857 0.044642857142857144
1 0.7522768670309654 0.7625 0.023679417122040074 0.025
1 0.8060109289617486 0.7982142857142858 0.023679417122040074 0.02857142857142857
2 0.04599271402550091 0.14151785714285714 0.07741347905282331 0.049107142857142856