2 0.2678100263852243 0.14558342420937842 0.21635883905013192 0.1406761177753544
2 0.44525065963060684 0.2039258451472192 0.14643799472295516 0.14830970556161396
2 0.6550131926121372 0.20774263904034895 0.3153034300791557 0.17121046892039257
2 0.2717678100263852 0.4100327153762268 0.2532981530343008 0.17884405670665213
2 0.7532981530343008 0.3080697928026172 0.158311345646438 0.18865866957470012
2 0.4980211081794195 0.33969465648854963 0.21503957783641162 0.15376226826608505
2 0.1378627968337731 0.8625954198473282 0.2678100263852243 0.17448200654307525
2 0.5065963060686016 0.7480916030534351 0.25065963060686014 0.13304252998909488
2 0.6398416886543535 0.42529989094874593 0.11609498680738786 0.13522355507088332
2 0.7810026385224275 0.45910577971646677 0.17941952506596306 0.10468920392584515
2 0.8766490765171504 0.8985823336968375 0.16226912928759896 0.20065430752453653
2 0.8700527704485488 0.7333696837513631 0.14907651715039577 0.14940021810250817
2 0.7176781002638523 0.822246455834242 0.1741424802110818 0.16575790621592149
2 0.7526385224274407 0.693020719738277 0.14907651715039577 0.12104689203925845
2 0.5718997361477572 0.8484187568157033 0.22031662269129287 0.15921483097055616
2 0.35224274406332456 0.876226826608506 0.1662269129287599 0.24536532170119957
2 0.43271767810026385 0.9432933478735005 0.19525065963060687 0.11123227917121047
0 0.2579155672823219 0.08778625954198473 0.09894459102902374 0.05779716466739367
0 0.6800791556728232 0.15376226826608505 0.10422163588390501 0.0916030534351145
0 0.30936675461741425 0.1826608505997819 0.09102902374670185 0.0861504907306434
0 0.4076517150395778 0.2371864776444929 0.07651715039577836 0.07742639040348964
0 0.26715039577836414 0.42584514721919303 0.09366754617414248 0.08396946564885496
0 0.5032981530343008 0.32988004362050166 0.10158311345646438 0.07306434023991276
1 0.7130606860158312 0.3326063249727372 0.08839050131926121 0.06324972737186478
1 0.7229551451187335 0.4411123227917121 0.0870712401055409 0.064340239912759
1 0.4887862796833773 0.7148309705561614 0.07783641160949868 0.07960741548527808
0 0.09564643799472296 0.886041439476554 0.10422163588390501 0.09487459105779716
1 0.30474934036939316 0.8549618320610687 0.10026385224274406 0.061068702290076333
0 0.5277044854881267 0.8058887677208287 0.09498680738786279 0.08942202835332606
1 0.37005277044854884 0.9171210468920392 0.09102902374670185 0.06761177753544166
0 0.9056728232189973 0.9460196292257361 0.12269129287598944 0.08833151581243184
0 0.6246701846965699 0.3816793893129771 0.10158311345646438 0.0697928026172301
0 0.787598944591029 0.6815703380588877 0.09234828496042216 0.10468920392584515
0 0.753957783641161 0.7868047982551799 0.09366754617414248 0.10577971646673937