2 0.5494117647058824 0.518957345971564 0.08941176470588236 0.06872037914691943
2 0.12117647058823529 0.4022511848341232 0.07764705882352942 0.08412322274881516
2 0.2211764705882353 0.2790284360189573 0.08470588235294117 0.07938388625592417
2 0.1652941176470588 0.04976303317535545 0.08823529411764706 0.06635071090047394
2 0.24 0.2079383886255924 0.11058823529411765 0.058056872037914695
2 0.6329411764705882 0.1646919431279621 0.06588235294117648 0.05687203791469194
2 0.5317647058823529 0.04383886255924171 0.08705882352941176 0.06398104265402843
2 0.6947058823529412 0.7020142180094787 0.08823529411764706 0.0509478672985782
2 0.63 0.4934834123222749 0.06470588235294118 0.06279620853080568
2 0.7558823529411764 0.37381516587677727 0.05529411764705883 0.058056872037914695
2 0.6688235294117647 0.6078199052132701 0.06941176470588235 0.06635071090047394
1 0.1652941176470588 0.043246445497630334 0.029411764705882353 0.031990521327014215
1 0.528235294117647 0.041469194312796206 0.02823529411764706 0.02843601895734597
1 0.6364705882352941 0.1552132701421801 0.02588235294117647 0.03317535545023697
0 0.2252941176470588 0.28080568720379145 0.03882352941176471 0.03317535545023697
0 0.5488235294117647 0.509478672985782 0.03411764705882353 0.037914691943127965
1 0.6935294117647058 0.7114928909952607 0.024705882352941175 0.03672985781990521
2 0.8229411764705883 0.7393364928909952 0.08588235294117647 0.07345971563981042