2 0.0726120857699805 0.550376647834275 0.0847953216374269 0.09698681732580038
2 0.26169590643274854 0.1497175141242938 0.10428849902534112 0.0847457627118644
2 0.34502923976608185 0.11629001883239172 0.09746588693957114 0.1007532956685499
2 0.5911306042884991 0.0692090395480226 0.08089668615984405 0.1271186440677966
2 0.5146198830409356 0.8229755178907722 0.09746588693957114 0.10734463276836158
2 0.7875243664717348 0.9500941619585688 0.10526315789473684 0.09792843691148775
2 0.7417153996101364 0.8860640301318268 0.09551656920077972 0.04519774011299435
2 0.6271929824561403 0.1977401129943503 0.07309941520467836 0.07721280602636535
2 0.628167641325536 0.11393596986817325 0.0594541910331384 0.062146892655367235
2 0.8240740740740741 0.5188323917137476 0.043859649122807015 0.07909604519774012
2 0.7519493177387915 0.4919962335216573 0.07894736842105263 0.0800376647834275
2 0.6320662768031189 0.2674199623352166 0.09844054580896686 0.06591337099811675
2 0.6934697855750487 0.6591337099811676 0.14132553606237816 0.08662900188323917
1 0.07066276803118908 0.5484934086629002 0.0847953216374269 0.09698681732580038
0 0.5063352826510721 0.8309792843691148 0.049707602339181284 0.0480225988700565
2 0.52046783625731 0.7570621468926554 0.07602339181286549 0.07721280602636535
1 0.51364522417154 0.7716572504708098 0.037037037037037035 0.03672316384180791
1 0.7665692007797271 0.8874764595103578 0.038011695906432746 0.03295668549905838
1 0.783625730994152 0.9416195856873822 0.04873294346978557 0.04896421845574388
1 0.7007797270955166 0.6337099811676082 0.050682261208576995 0.047080979284369114
0 0.8294346978557505 0.5037664783427496 0.02729044834307992 0.047080979284369114
0 0.7690058479532164 0.4835216572504708 0.042884990253411304 0.031073446327683617
2 0.8026315789473685 0.591337099811676 0.09259259259259259 0.054613935969868174
0 0.8094541910331384 0.594632768361582 0.043859649122807015 0.0423728813559322
1 0.634990253411306 0.2773069679849341 0.036062378167641324 0.03295668549905838
1 0.25877192982456143 0.1690207156308851 0.03996101364522417 0.046139359698681735
0 0.358187134502924 0.1172316384180791 0.057504873294346975 0.04048964218455744
0 0.6072124756335283 0.08239171374764595 0.050682261208576995 0.03672316384180791
1 0.6369395711500975 0.09981167608286252 0.02631578947368421 0.04143126177024482
2 0.6335282651072125 0.3206214689265537 0.11695906432748537 0.0687382297551789
0 0.6325536062378168 0.3112052730696798 0.04483430799220273 0.04048964218455744
1 0.6159844054580896 0.19303201506591336 0.03313840155945419 0.035781544256120526