2 0.2644230769230769 0.8103638368246968 0.08525641025641026 0.06945975744211687
2 0.17724358974358975 0.7745314222712238 0.07371794871794872 0.06615214994487321
2 0.673397435897436 0.6416758544652701 0.07371794871794872 0.050716648291069456
2 0.3176282051282051 0.8759647188533627 0.06987179487179487 0.06063947078280044
2 0.46314102564102566 0.7772877618522602 0.06987179487179487 0.05843439911797133
2 0.4346153846153846 0.6990077177508269 0.08076923076923077 0.03528114663726571
2 0.5817307692307693 0.48235942668136716 0.0673076923076923 0.04851157662624035
2 0.6198717948717949 0.5394156560088202 0.08076923076923077 0.06670341786108049
2 0.5477564102564103 0.5890297684674752 0.05448717948717949 0.056780595369349506
2 0.47275641025641024 0.3756890848952591 0.06602564102564103 0.047960308710033074
2 0.5144230769230769 0.6466372657111357 0.05961538461538462 0.06174200661521499
2 0.5935897435897436 0.5187431091510474 0.06025641025641026 0.04189636163175303
2 0.20064102564102565 0.8285556780595369 0.04358974358974359 0.047409040793825796