2 0.6133501259445844 0.08678237650200267 0.08564231738035265 0.08811748998664887
2 0.5327455919395466 0.22897196261682243 0.08816120906801007 0.08411214953271028
2 0.35516372795969775 0.16088117489986647 0.08564231738035265 0.08678237650200267
2 0.559823677581864 0.13551401869158877 0.06926952141057935 0.09212283044058744
2 0.04345088161209068 0.7349799732977303 0.08438287153652393 0.06275033377837116
2 0.2607052896725441 0.44192256341789055 0.10075566750629723 0.0774365821094793
1 0.04974811083123426 0.7169559412550067 0.031486146095717885 0.037383177570093455
1 0.25629722921914355 0.4259012016021362 0.031486146095717885 0.03471295060080107
1 0.5384130982367759 0.21495327102803738 0.03904282115869018 0.03471295060080107
1 0.345088161209068 0.1588785046728972 0.0327455919395466 0.042723631508678236
0 0.5440806045340051 0.1328437917222964 0.04534005037783375 0.036048064085447265
0 0.6057934508816121 0.08544726301735647 0.04785894206549118 0.04005340453938585
2 0.8016372795969773 0.5473965287049399 0.08690176322418136 0.08277703604806408
1 0.7928211586901763 0.540720961281709 0.031486146095717885 0.04005340453938585