2 0.3285340314136126 0.4375 0.07329842931937172 0.0763888888888889
2 0.5166884816753927 0.8382523148148148 0.0844240837696335 0.07233796296296297
2 0.38481675392670156 0.7887731481481481 0.07460732984293193 0.06481481481481481
2 0.9460078534031413 0.20891203703703703 0.0700261780104712 0.08680555555555555
2 0.5098167539267016 0.7734375 0.07722513089005235 0.07696759259259259
2 0.5736256544502618 0.6247106481481481 0.09882198952879581 0.08043981481481481
2 0.806282722513089 0.2152777777777778 0.07068062827225131 0.08333333333333333
2 0.9267015706806283 0.5445601851851852 0.06413612565445026 0.05787037037037037
2 0.5585732984293194 0.5529513888888888 0.06740837696335078 0.0954861111111111
2 0.5016361256544503 0.5118634259259259 0.08180628272251309 0.0630787037037037
2 0.431282722513089 0.3677662037037037 0.06413612565445026 0.0630787037037037
2 0.8907068062827225 0.3411458333333333 0.06806282722513089 0.0630787037037037
2 0.29221204188481675 0.9722222222222222 0.07657068062827226 0.05324074074074074
2 0.2555628272251309 0.7708333333333334 0.07264397905759162 0.05439814814814815
2 0.4407722513089005 0.8191550925925926 0.07918848167539266 0.078125
2 0.6832460732984293 0.24479166666666666 0.06413612565445026 0.0798611111111111
2 0.2532722513089005 0.8292824074074074 0.07984293193717278 0.056712962962962965
2 0.7270942408376964 0.39525462962962965 0.07853403141361257 0.0775462962962963
2 0.8632198952879581 0.19241898148148148 0.08769633507853403 0.048032407407407406
2 0.45975130890052357 0.6979166666666666 0.07264397905759162 0.10069444444444445
2 0.5788612565445026 0.41001157407407407 0.08049738219895287 0.07928240740740741
2 0.4028141361256545 0.7225115740740741 0.07918848167539266 0.06886574074074074
2 0.387761780104712 0.3802083333333333 0.06217277486910995 0.07175925925925926
2 0.5798429319371727 0.29282407407407407 0.06675392670157068 0.06944444444444445
2 0.4676047120418848 0.40943287037037035 0.06086387434554974 0.05497685185185185
2 0.5215968586387435 0.29369212962962965 0.08507853403141362 0.07118055555555555
2 0.20418848167539266 0.8434606481481481 0.04712041884816754 0.061921296296296294
2 0.20451570680628273 0.9163773148148148 0.07264397905759162 0.06770833333333333
2 0.9047774869109948 0.2361111111111111 0.07264397905759162 0.07060185185185185
2 0.40772251308900526 0.44068287037037035 0.07198952879581152 0.0642361111111111
2 0.4980366492146597 0.7123842592592593 0.07591623036649214 0.0787037037037037
2 0.25752617801047123 0.71875 0.07787958115183247 0.06018518518518518
2 0.9767670157068062 0.45601851851851855 0.045157068062827224 0.08101851851851852
2 0.9512434554973822 0.37905092592592593 0.06086387434554974 0.06018518518518518
0 0.29090314136125656 0.9742476851851852 0.03337696335078534 0.030671296296296297
0 0.512107329842932 0.8347800925925926 0.029450261780104712 0.028356481481481483
0 0.3880890052356021 0.7864583333333334 0.031413612565445025 0.02546296296296296
0 0.4015052356020942 0.7103587962962963 0.03337696335078534 0.029513888888888888
0 0.5700261780104712 0.6307870370370371 0.032722513089005235 0.03356481481481482
0 0.44731675392670156 0.8142361111111112 0.037303664921465966 0.028935185185185185
1 0.5137434554973822 0.7711226851851852 0.02617801047120419 0.029513888888888888
0 0.5464659685863874 0.5590277777777778 0.03926701570680628 0.028935185185185185
0 0.3255890052356021 0.4401041666666667 0.03599476439790576 0.04224537037037037
0 0.49149214659685864 0.5254629629629629 0.028795811518324606 0.034722222222222224
1 0.737565445026178 0.4071180555555556 0.028795811518324606 0.026041666666666668
1 0.6760471204188482 0.24363425925925927 0.028795811518324606 0.027777777777777776
1 0.7892670157068062 0.22366898148148148 0.03534031413612566 0.02488425925925926
1 0.56217277486911 0.29716435185185186 0.034031413612565446 0.027199074074074073
1 0.4329188481675393 0.35792824074074076 0.026832460732984294 0.026041666666666668
1 0.47153141361256545 0.41377314814814814 0.030759162303664923 0.02546296296296296
1 0.3959424083769634 0.4435763888888889 0.03664921465968586 0.029513888888888888
1 0.5723167539267016 0.4227430555555556 0.029450261780104712 0.030671296296296297
1 0.893979057591623 0.23466435185185186 0.041884816753926704 0.028356481481481483
1 0.8484947643979057 0.1941550925925926 0.03206806282722513 0.027199074074074073
1 0.9358638743455497 0.5457175925925926 0.030104712041884817 0.02199074074074074