2 0.5363153232949512 0.47176204819277107 0.07528786536758193 0.07605421686746988
2 0.5752878653675819 0.5670180722891566 0.11071744906997343 0.060240963855421686
2 0.44109831709477415 0.6050451807228916 0.07617360496014172 0.06701807228915663
2 0.4929140832595217 0.7658132530120482 0.06111603188662533 0.08885542168674698
2 0.591674047829938 0.8433734939759037 0.08148804251550044 0.05421686746987952
2 0.31310894596988487 0.3358433734939759 0.06643046944198405 0.05271084337349398
2 0.40478299379982285 0.5308734939759037 0.0637732506643047 0.0858433734939759
1 0.48095659875996455 0.7680722891566265 0.030115146147032774 0.02108433734939759
1 0.5677590788308238 0.8396084337349398 0.03365810451727192 0.0286144578313253
0 0.5779450841452612 0.5768072289156626 0.02745792736935341 0.03463855421686747
0 0.5296722763507529 0.4789156626506024 0.024800708591674048 0.03162650602409638
0 0.38928255093002656 0.5335090361445783 0.03985828166519043 0.023343373493975902
0 0.44065544729849426 0.6024096385542169 0.03277236492471213 0.02710843373493976
1 0.3104517271922055 0.3411144578313253 0.025686448184233834 0.025602409638554216
2 0.30070859167404784 0.30911144578313254 0.0983170947741364 0.05647590361445783
2 0.3046944198405669 0.3874246987951807 0.053144375553587246 0.036897590361445784
0 0.29052258635961026 0.38968373493975905 0.03188662533215235 0.01882530120481928
2 0.3950398582816652 0.7420933734939759 0.05137289636846767 0.05798192771084337
1 0.40522586359610274 0.7413403614457831 0.02745792736935341 0.02033132530120482
2 0.36049601417183347 0.6615210843373494 0.042515500442869794 0.030873493975903613
2 0.6758193091231178 0.5869728915662651 0.03897254207263064 0.050451807228915665
2 0.3232949512843224 0.9480421686746988 0.047829937998228524 0.06927710843373494
2 0.5186005314437555 0.6159638554216867 0.08591674047829938 0.04819277108433735