2 0.07634827810266406 0.7594736842105263 0.08641975308641975 0.07157894736842105
2 0.2576348278102664 0.575 0.07732293697205977 0.05421052631578947
2 0.5471085120207927 0.4963157894736842 0.06367771280051981 0.07473684210526316
2 0.4041585445094217 0.10868421052631579 0.05977907732293697 0.04894736842105263
2 0.4428200129954516 0.13605263157894737 0.06432748538011696 0.07631578947368421
2 0.48602988953866144 0.49894736842105264 0.07797270955165692 0.06210526315789474
2 0.34307992202729043 0.391578947368421 0.10006497725795971 0.056842105263157895
2 0.5269655620532814 0.1831578947368421 0.08317089018843404 0.07157894736842105
0 0.07179987004548408 0.7510526315789474 0.037037037037037035 0.021052631578947368
0 0.48797920727745286 0.4826315789473684 0.031189083820662766 0.034736842105263156
1 0.5532813515269656 0.4942105263157895 0.02794022092267706 0.024210526315789474
0 0.345679012345679 0.3836842105263158 0.03378817413905133 0.035789473684210524
1 0.433398310591293 0.14026315789473684 0.028589993502274202 0.03