2 0.21745152354570638 0.3420150788211104 0.06509695290858726 0.05894448252227553
2 0.328601108033241 0.5123372172721041 0.06024930747922438 0.058259081562714185
2 0.4868421052631579 0.589787525702536 0.07340720221606649 0.0568882796435915
2 0.15270083102493076 0.520904729266621 0.05609418282548476 0.06854009595613433
2 0.2974376731301939 0.6919122686771761 0.0685595567867036 0.058259081562714185
2 0.4878808864265928 0.38211103495544896 0.06301939058171745 0.067854694996573
2 0.17070637119113574 0.6113776559287183 0.06301939058171745 0.07128169979437972
2 0.25380886426592797 0.47875257025359835 0.0574792243767313 0.05414667580534613
2 0.21502770083102493 0.5952707333790267 0.07271468144044321 0.067854694996573
2 0.02631578947368421 0.7128169979437972 0.04986149584487535 0.05757368060315284
2 0.5391274238227147 0.4276901987662783 0.045013850415512466 0.05483207676490747
2 0.3216759002770083 0.5726525017135023 0.05193905817174515 0.050034270047978065
2 0.027008310249307478 0.4694996572995202 0.05124653739612189 0.05071967100753941
2 0.5803324099722992 0.08087731322823852 0.054016620498614956 0.05071967100753941
2 0.6018005540166205 0.02844413982179575 0.062326869806094184 0.047292666209732694
2 0.6295013850415513 0.19088416723783413 0.06509695290858726 0.06100068540095956
2 0.6101108033240997 0.23166552433173407 0.05124653739612189 0.05483207676490747
2 0.19390581717451524 0.5212474297464016 0.055401662049861494 0.05962988348183688
2 0.2738919667590028 0.5068540095956134 0.04778393351800554 0.0568882796435915
2 0.05228531855955679 0.7542837559972584 0.045013850415512466 0.03906785469499657
2 0.4342105263157895 0.6315969842357779 0.060941828254847646 0.03221384509938314