2 0.5507587650444793 0.796895213454075 0.0727367870225013 0.0815006468305304
2 0.7140240711669283 0.9301423027166882 0.054945054945054944 0.09314359637774904
2 0.304029304029304 0.5116429495472187 0.08058608058608059 0.07115135834411385
2 0.5601779173207745 0.8958602846054333 0.05389848246991104 0.056921086675291076
2 0.45735217163788594 0.13227684346701166 0.06384092098377812 0.06532988357050452
2 0.8079539508110937 0.6542690815006468 0.059654631083202514 0.0963777490297542
2 0.8063840920983778 0.5582147477360931 0.06593406593406594 0.05821474773609314
2 0.5120355834641549 0.11448900388098318 0.07901622187336473 0.06338939197930142
2 0.6287284144427001 0.8072445019404916 0.04971219256933543 0.06985769728331177
2 0.8995290423861853 0.9569857697283312 0.06698063840920984 0.03428201811125485
2 0.40920983778126635 0.11869340232858991 0.05337519623233909 0.06144890038809832
2 0.5073260073260073 0.6610608020698577 0.044479330193615906 0.059508408796895215
2 0.38461538461538464 0.03072445019404916 0.06488749345892203 0.054980595084087966
2 0.6268969126111983 0.7215394566623544 0.06384092098377812 0.07179818887451488
2 0.46232339089481944 0.546895213454075 0.041339612768184195 0.07438551099611902
2 0.7250130821559393 0.5815006468305304 0.06227106227106227 0.09961190168175937
2 0.8553113553113553 0.732535575679172 0.0423861852433281 0.07697283311772316
2 0.6143380429094715 0.6545924967658473 0.05337519623233909 0.045278137128072445
2 0.6708529565672423 0.7477360931435963 0.04814233385661957 0.07115135834411385
2 0.36996336996337 0.4382276843467012 0.059654631083202514 0.06144890038809832
2 0.521193092621664 0.06274256144890039 0.06279434850863422 0.054333764553686936