2 0.45537065052950076 0.09236773633998266 0.08623298033282904 0.06851691240242845
2 0.19553706505295007 0.5659150043365134 0.056732223903177004 0.11188204683434519
2 0.5173978819969742 0.5173460537727667 0.06202723146747353 0.0997398091934085
2 0.5782904689863843 0.4592367736339983 0.08093797276853253 0.07718993928881179
2 0.3884266263237519 0.30008673026886384 0.08547655068078669 0.07285342584562012
2 0.44742813918305596 0.2723330442324371 0.06127080181543117 0.06938421509106678
2 0.6546898638426626 0.20424978317432785 0.06278366111951589 0.08065915004336513
2 0.5192889561270801 0.22506504770164787 0.05521936459909228 0.08412836079791847
1 0.1894856278366112 0.5693842150910667 0.0264750378214826 0.028620988725065046
0 0.5143721633888049 0.5177797051170858 0.036308623298033284 0.03642671292281006
0 0.5775340393343419 0.47398091934084996 0.031013615733736764 0.040763226366001735
0 0.38767019667170954 0.308326105810928 0.029500756429652043 0.040763226366001735
0 0.45537065052950076 0.08282740676496098 0.024205748865355523 0.03902862098872507
1 0.6630105900151286 0.2059843885516045 0.0264750378214826 0.0372940156114484
0 0.4602874432677761 0.2870771899392888 0.0340393343419062 0.031222896790980052