2 0.5246113989637305 0.7691441441441441 0.09067357512953368 0.07882882882882883
2 0.29533678756476683 0.2652027027027027 0.06994818652849741 0.08896396396396396
2 0.591321243523316 0.9341216216216216 0.09455958549222798 0.08445945945945946
2 0.8050518134715026 0.9690315315315315 0.10492227979274611 0.059684684684684686
2 0.7746113989637305 0.8237612612612613 0.09326424870466321 0.07995495495495496
1 0.3089378238341969 0.26238738738738737 0.03238341968911917 0.033783783783783786
0 0.5233160621761658 0.776463963963964 0.04145077720207254 0.03265765765765766
2 0.07577720207253887 0.49099099099099097 0.07383419689119171 0.0472972972972973
2 0.03562176165803109 0.5247747747747747 0.05310880829015544 0.04279279279279279
2 0.40349740932642486 0.7601351351351351 0.04533678756476684 0.060810810810810814
1 0.7972797927461139 0.9786036036036037 0.029792746113989636 0.02927927927927928