2 0.23368606701940034 0.4212962962962963 0.10229276895943562 0.16203703703703703
2 0.6419753086419753 0.9045138888888888 0.14814814814814814 0.1886574074074074
2 0.8725749559082893 0.5185185185185185 0.13315696649029982 0.17824074074074073
2 0.9171075837742504 0.21875 0.12522045855379188 0.1388888888888889
2 0.708994708994709 0.061342592592592594 0.10229276895943562 0.11805555555555555
2 0.07319223985890652 0.20081018518518517 0.10758377425044091 0.09837962962962964
2 0.12742504409171077 0.12962962962962962 0.0873015873015873 0.12731481481481483
2 0.19973544973544974 0.09664351851851852 0.07142857142857142 0.12152777777777778
0 0.6428571428571429 0.9085648148148148 0.06172839506172839 0.0763888888888889
1 0.7283950617283951 0.045717592592592594 0.047619047619047616 0.047453703703703706
1 0.8734567901234568 0.49594907407407407 0.04497354497354497 0.04513888888888889
1 0.9250440917107584 0.19675925925925927 0.037037037037037035 0.05324074074074074
1 0.8985890652557319 0.08564814814814815 0.04409171075837742 0.06018518518518518