2 0.7666874610106051 0.9040163376446563 0.044915782907049284 0.047651463580667124
2 0.48034934497816595 0.3886997957794418 0.047411104179663134 0.04901293396868618
2 0.13474734872114785 0.17358747447243023 0.05489706799750468 0.055820285908781485
2 0.29320024953212726 0.27161334240980256 0.044915782907049284 0.04628999319264806
2 0.3889582033686837 0.3488767869298843 0.061759201497192766 0.057862491490810075
2 0.5782907049282595 0.4833219877467665 0.048658764815970056 0.059904697072838665
2 0.5492825951341235 0.41933287950987064 0.06425452276980662 0.05309734513274336
2 0.6893325015595758 0.6484002722940776 0.05739238927011853 0.08100748808713411
2 0.6653150343106675 0.5650102110279102 0.040548970679975045 0.06807351940095303
2 0.6016843418590143 0.5262083049693669 0.036805988771054274 0.05445881552076242
2 0.6328758577666874 0.511572498298162 0.048034934497816595 0.06603131381892444
2 0.39020586400499063 0.46596324029952346 0.044291952588895823 0.037440435670524165
2 0.41734248284466624 0.782505105513955 0.02744853399875234 0.05513955071477195
2 0.2592014971927636 0.4479237576582709 0.026824703680598878 0.04628999319264806
2 0.4737991266375546 0.3349217154526889 0.046787273861509666 0.04084411164057182
2 0.44822208359326265 0.33117767188563646 0.020586400499064253 0.04424778761061947