2 0.7131599684791174 0.09866666666666667 0.07565011820330969 0.08711111111111111
2 0.529156816390859 0.7151111111111111 0.06855791962174941 0.08266666666666667
2 0.8065405831363278 0.5804444444444444 0.062253743104806934 0.07644444444444444
2 0.6800630417651694 0.872 0.06304176516942474 0.06222222222222222
2 0.549645390070922 0.6422222222222222 0.06698187549251379 0.07377777777777778
2 0.8991331757289204 0.25155555555555553 0.05358550039401103 0.07288888888888889
2 0.5055161544523247 0.9151111111111111 0.05752561071710008 0.08977777777777778
2 0.752167060677699 0.6044444444444445 0.04806934594168637 0.07466666666666667
2 0.47005516154452326 0.9048888888888889 0.04176516942474389 0.07822222222222222
0 0.9141055949566588 0.2688888888888889 0.03152088258471237 0.03111111111111111
0 0.7147360126083531 0.096 0.026792750197005517 0.035555555555555556
0 0.7990543735224587 0.5817777777777777 0.03152088258471237 0.03822222222222222
0 0.5524034672970843 0.6484444444444445 0.029944838455476755 0.034666666666666665
0 0.5260047281323877 0.7222222222222222 0.0338849487785658 0.03111111111111111
0 0.6745468873128447 0.8648888888888889 0.028368794326241134 0.04088888888888889
0 0.4665090622537431 0.9106666666666666 0.03152088258471237 0.034666666666666665
2 0.4176516942474389 0.9706666666666667 0.06304176516942474 0.05333333333333334