2 0.6666666666666666 0.9406862745098039 0.09764309764309764 0.07941176470588235
2 0.7664141414141414 0.6294117647058823 0.08164983164983165 0.08431372549019608
2 0.7975589225589226 0.7112745098039216 0.07828282828282829 0.12254901960784313
2 0.8585858585858586 0.9073529411764706 0.07575757575757576 0.09117647058823529
2 0.952020202020202 0.8980392156862745 0.07407407407407407 0.11372549019607843
2 0.757996632996633 0.9137254901960784 0.08501683501683502 0.10392156862745099
2 0.88510101010101 0.8514705882352941 0.07154882154882154 0.10294117647058823
2 0.7988215488215489 0.8112745098039216 0.09259259259259259 0.09313725490196079
2 0.4015151515151515 0.46078431372549017 0.08585858585858586 0.1392156862745098
2 0.37542087542087543 0.6176470588235294 0.09090909090909091 0.10980392156862745
2 0.5921717171717171 0.4823529411764706 0.06481481481481481 0.0784313725490196
2 0.10437710437710437 0.29215686274509806 0.10942760942760943 0.09019607843137255
1 0.09343434343434344 0.30833333333333335 0.03535353535353535 0.05196078431372549
0 0.38636363636363635 0.6161764705882353 0.04882154882154882 0.05
0 0.37752525252525254 0.45098039215686275 0.049663299663299666 0.052941176470588235
1 0.6073232323232324 0.47058823529411764 0.03787878787878788 0.043137254901960784
1 0.7588383838383839 0.6318627450980392 0.03956228956228956 0.05
0 0.6540404040404041 0.9568627450980393 0.04040404040404041 0.050980392156862744
0 0.7487373737373737 0.8838235294117647 0.04461279461279461 0.059803921568627454
0 0.797979797979798 0.803921568627451 0.03872053872053872 0.058823529411764705
0 0.805976430976431 0.6985294117647058 0.054713804713804715 0.05588235294117647
0 0.8539562289562289 0.9142156862745098 0.04292929292929293 0.05784313725490196
1 0.9297138047138047 0.9161764705882353 0.03787878787878788 0.04019607843137255
1 0.8699494949494949 0.8642156862745098 0.034511784511784514 0.04411764705882353