2 0.9560553633217993 0.37293610911701364 0.05051903114186851 0.061019382627422826
2 0.5439446366782007 0.667264895908112 0.06089965397923876 0.07106963388370424
2 0.8508650519031142 0.5635319454414932 0.0657439446366782 0.0674802584350323
2 0.36089965397923873 0.3858578607322326 0.07128027681660899 0.0681981335247667
2 0.3591695501730104 0.32663316582914576 0.06920415224913495 0.05886575735821967
2 0.8788927335640139 0.36719310839913855 0.06228373702422145 0.040918880114860015
2 0.4799307958477509 0.1399856424982053 0.0782006920415225 0.05312275664034458
2 0.6349480968858131 0.28068916008614503 0.0685121107266436 0.05312275664034458
2 0.4453287197231834 0.19562096195262024 0.057439446366782006 0.0624551328068916
2 0.7422145328719724 0.36324479540559945 0.0685121107266436 0.06173725771715721
2 0.49238754325259515 0.21284996410624551 0.061591695501730104 0.04809763101220388
2 0.7934256055363322 0.44221105527638194 0.058823529411764705 0.054558506819813356
2 0.9498269896193772 0.4827709978463747 0.0698961937716263 0.05384063173007897
2 0.6290657439446367 0.7444364680545585 0.04844290657439446 0.06460875807609476
2 0.3456747404844291 0.2903804737975592 0.0685121107266436 0.05671213208901651
2 0.8100346020761245 0.7218234027279253 0.060207612456747404 0.04235463029432879
2 0.6944636678200692 0.6238334529791816 0.057439446366782006 0.04594400574300072
2 0.5186851211072664 0.5197415649676956 0.0657439446366782 0.05312275664034458
2 0.8103806228373702 0.3930366116295764 0.06089965397923876 0.05384063173007897
2 0.8782006920415225 0.46410624551328067 0.07612456747404844 0.061019382627422826
2 0.8768166089965398 0.5236898779612348 0.05813148788927336 0.05958363244795405
2 0.41557093425605535 0.3108399138549892 0.04498269896193772 0.0416367552045944
2 0.6854671280276816 0.5254845656855707 0.0671280276816609 0.09619526202440776
2 0.9166089965397924 0.5807609475951184 0.0809688581314879 0.04737975592246949
2 0.9643598615916955 0.5531227566403446 0.04498269896193772 0.0524048815506102
2 0.8550173010380623 0.6363962670495333 0.056055363321799306 0.04953338119167265
2 0.7709342560553634 0.6984924623115578 0.042906574394463666 0.06460875807609476
2 0.7937716262975778 0.6694185211773152 0.05951557093425606 0.06532663316582915
2 0.7301038062283737 0.6453697056712132 0.045674740484429065 0.038765254845656856
2 0.7671280276816609 0.5147164393395549 0.04775086505190312 0.04594400574300072
2 0.9384083044982698 0.6216798277099784 0.06089965397923876 0.05168700646087581
2 0.8027681660899654 0.6037329504666188 0.04982698961937716 0.04594400574300072
2 0.8114186851211073 0.3639626704953338 0.04498269896193772 0.043072505384063174
2 0.7051903114186852 0.3417085427135678 0.044290657439446365 0.06460875807609476
2 0.6539792387543253 0.25879396984924624 0.045674740484429065 0.06389088298636038
2 0.5647058823529412 0.06891600861450108 0.044290657439446365 0.06460875807609476
2 0.429757785467128 0.11665470208183776 0.05813148788927336 0.046661880832735106
2 0.47681660899653977 0.08004307250538406 0.06228373702422145 0.06389088298636038
2 0.37612456747404843 0.11234745154343144 0.05051903114186851 0.0624551328068916
2 0.3525951557093426 0.187724335965542 0.08512110726643599 0.05814788226848528
2 0.40207612456747405 0.22648959081119885 0.042906574394463666 0.040918880114860015
2 0.3892733564013841 0.25879396984924624 0.04913494809688582 0.05384063173007897
2 0.4629757785467128 0.4544149318018665 0.044290657439446365 0.03445800430725054
2 0.6096885813148789 0.5380473797559224 0.04982698961937716 0.04809763101220388
2 0.6391003460207613 0.4357501794687724 0.04636678200692042 0.04594400574300072
2 0.5844290657439446 0.44938980617372576 0.03944636678200692 0.04450825556353195
2 0.77439446366782 0.5746590093323761 0.03460207612456748 0.05814788226848528
2 0.3619377162629758 0.054558506819813356 0.044290657439446365 0.06030150753768844
2 0.46816608996539794 0.01256281407035176 0.05328719723183391 0.023689877961234746
2 0.32906574394463667 0.13280689160086145 0.021453287197231833 0.03732950466618808
2 0.6854671280276816 0.5882986360373295 0.0698961937716263 0.02799712849964106