2 0.25193298969072164 0.6040955631399317 0.07989690721649484 0.051682106289614824
2 0.5940721649484536 0.8076548025353486 0.06958762886597938 0.0560702096538274
2 0.12242268041237113 0.36177474402730375 0.06829896907216494 0.062408581179912236
2 0.1875 0.09800097513408093 0.09278350515463918 0.05948317893710385
2 0.8192654639175257 0.8425158459288152 0.04832474226804124 0.057532910775231594
2 0.15270618556701032 0.16089712335446124 0.05798969072164949 0.04388103364212579
2 0.7361469072164949 0.6779619697708434 0.053479381443298966 0.045343734763529986
2 0.23131443298969073 0.10848366650414432 0.06443298969072164 0.09800097513408093
2 0.5415592783505154 0.19795221843003413 0.07280927835051547 0.05460750853242321
2 0.5621778350515464 0.22330570453437348 0.07152061855670103 0.062408581179912236
2 0.49387886597938147 0.2910775231594344 0.0663659793814433 0.051682106289614824
2 0.11565721649484537 0.13773768893222818 0.0856958762886598 0.039492930277913216
2 0.3714561855670103 0.19137006338371526 0.059922680412371136 0.05314480741101901