2 0.8703703703703703 0.3625 0.06584362139917696 0.07954545454545454
2 0.05246913580246913 0.9511363636363637 0.09259259259259259 0.09090909090909091
2 0.44753086419753085 0.2869318181818182 0.0720164609053498 0.10113636363636364
2 0.41975308641975306 0.12272727272727273 0.05761316872427984 0.08636363636363636
2 0.507201646090535 0.0659090909090909 0.0720164609053498 0.07727272727272727
2 0.4403292181069959 0.51875 0.08641975308641975 0.09204545454545454
2 0.30864197530864196 0.39488636363636365 0.06995884773662552 0.05568181818181818
2 0.2227366255144033 0.4772727272727273 0.0668724279835391 0.07727272727272727
2 0.2638888888888889 0.45227272727272727 0.040123456790123455 0.06363636363636363
2 0.29218106995884774 0.4954545454545455 0.06584362139917696 0.06818181818181818
2 0.5046296296296297 0.2909090909090909 0.05246913580246913 0.07727272727272727
0 0.43004115226337447 0.5198863636363636 0.0411522633744856 0.0375
1 0.2191358024691358 0.4721590909090909 0.037037037037037035 0.03295454545454545
1 0.43621399176954734 0.28011363636363634 0.03497942386831276 0.04431818181818182
1 0.28189300411522633 0.5073863636363637 0.030864197530864196 0.03977272727272727
1 0.4207818930041152 0.12329545454545454 0.030864197530864196 0.03977272727272727
1 0.5087448559670782 0.06136363636363636 0.03806584362139918 0.031818181818181815
1 0.041666666666666664 0.9590909090909091 0.040123456790123455 0.04318181818181818
1 0.3045267489711934 0.38977272727272727 0.037037037037037035 0.038636363636363635
0 0.8703703703703703 0.3568181818181818 0.03497942386831276 0.03409090909090909
2 0.5699588477366255 0.09886363636363636 0.0720164609053498 0.08863636363636364
2 0.26697530864197533 0.7232954545454545 0.050411522633744855 0.060227272727272727
2 0.2767489711934156 0.3789772727272727 0.04938271604938271 0.06704545454545455
2 0.035493827160493825 0.7329545454545454 0.060699588477366256 0.06818181818181818
2 0.2880658436213992 0.5488636363636363 0.07613168724279835 0.075
0 0.279320987654321 0.5443181818181818 0.029835390946502057 0.031818181818181815