2 0.6985871271585558 0.2335058214747736 0.06279434850863422 0.08020698576972833
2 0.6643118785975929 0.7457956015523933 0.05389848246991104 0.0646830530401035
2 0.7482993197278912 0.619340232858991 0.06174777603349032 0.06921086675291074
2 0.6551543694400838 0.628719275549806 0.07012035583464155 0.05821474773609314
2 0.5402930402930403 0.759379042690815 0.06331763474620618 0.06985769728331177
2 0.4497645211930926 0.8217981888745148 0.07587650444793302 0.08085381630012936
2 0.619570905285191 0.6814359637774903 0.04395604395604396 0.03040103492884864
2 0.4398220826792255 0.9045924967658473 0.05180533751962323 0.06144890038809832
2 0.31527995813710097 0.9181759379042691 0.04552590266875981 0.04592496765847348
2 0.576399790685505 0.27619663648124193 0.05180533751962323 0.07503234152652005
2 0.7148090005232862 0.5439844760672704 0.035583464154892726 0.06338939197930142
2 0.7046049188906331 0.30077619663648125 0.05180533751962323 0.06727037516170763
2 0.18053375196232338 0.9611901681759379 0.042909471480900054 0.059508408796895215
2 0.6862899005756149 0.45827943078913325 0.04552590266875981 0.052393272962483826
2 0.7213500784929356 0.3586675291073739 0.044479330193615906 0.057567917205692105
2 0.7864992150706437 0.14974126778783958 0.032443746729461015 0.06144890038809832
2 0.76007326007326 0.1403622250970246 0.03087388801674516 0.062095730918499355
2 0.434850863422292 0.15426908150064683 0.05337519623233909 0.07309184993531695
2 0.5881737310308739 0.3373221216041397 0.052328623757195186 0.057567917205692105
2 0.38121402407116695 0.544954721862872 0.05913134484563056 0.06403622250970246
2 0.14992150706436422 0.8664294954721863 0.018315018315018316 0.057567917205692105
2 0.12663526949241236 0.8696636481241915 0.03663003663003663 0.04721862871927555
2 0.2836211407639979 0.869987063389392 0.06488749345892203 0.047865459249676584
2 0.5078492935635793 0.6009055627425615 0.04971219256933543 0.06080206985769728
2 0.7998430141287284 0.5675937904269082 0.06017791732077447 0.07826649417852523