2 0.739100817438692 0.6736770691994572 0.11307901907356949 0.18588873812754408
2 0.18119891008174388 0.6431478968792401 0.11444141689373297 0.11397557666214382
2 0.08106267029972752 0.9246947082767978 0.08038147138964577 0.1044776119402985
2 0.3310626702997275 0.7829036635006784 0.10626702997275204 0.11940298507462686
2 0.6614441416893733 0.8975576662143826 0.15940054495912806 0.09090909090909091
2 0.6573569482288828 0.9687924016282226 0.14305177111716622 0.05970149253731343
2 0.8201634877384196 0.9518317503392131 0.1008174386920981 0.09090909090909091
2 0.3017711171662125 0.49592944369063774 0.08038147138964577 0.10719131614654002
2 0.3930517711171662 0.5251017639077341 0.0885558583106267 0.14111261872455902
0 0.7138964577656676 0.6784260515603799 0.0681198910081744 0.051560379918588875
0 0.8303814713896458 0.9308005427408412 0.04223433242506812 0.05970149253731343
1 0.6559945504087193 0.9226594301221167 0.04495912806539509 0.04341926729986431
1 0.18256130790190736 0.6458616010854816 0.051771117166212535 0.048846675712347354
1 0.3399182561307902 0.7781546811397557 0.04223433242506812 0.04206241519674356
1 0.6580381471389646 0.9491180461329715 0.04087193460490463 0.052917232021709636
0 0.10149863760217984 0.9341926729986432 0.04495912806539509 0.04748982360922659