2 0.7491830065359477 0.1320754716981132 0.10457516339869281 0.08962264150943396
2 0.7924836601307189 0.19811320754716982 0.10784313725490197 0.06918238993710692
2 0.696078431372549 0.20125786163522014 0.08496732026143791 0.07547169811320754
2 0.7201797385620915 0.2456761006289308 0.10866013071895425 0.06525157232704402
2 0.7279411764705882 0.2908805031446541 0.07352941176470588 0.07075471698113207
2 0.6768790849673203 0.6780660377358491 0.09068627450980392 0.07154088050314465
2 0.7124183006535948 0.5852987421383647 0.08660130718954248 0.05738993710691824
1 0.6719771241830066 0.6788522012578616 0.03676470588235294 0.04009433962264151
1 0.7177287581699346 0.5786163522012578 0.035130718954248366 0.040880503144654086
0 0.7214052287581699 0.3018867924528302 0.03594771241830065 0.04559748427672956
0 0.7896241830065359 0.2095125786163522 0.03349673202614379 0.03852201257861635
1 0.7132352941176471 0.25943396226415094 0.03594771241830065 0.040880503144654086
1 0.7030228758169934 0.1792452830188679 0.03676470588235294 0.04245283018867924
1 0.7544934640522876 0.12264150943396226 0.04003267973856209 0.04245283018867924