2 0.16390041493775934 0.507183908045977 0.07745504840940526 0.06465517241379311
2 0.3727524204702628 0.8976293103448276 0.058091286307053944 0.07686781609195402
2 0.6950207468879668 0.8362068965517241 0.08437067773167359 0.04310344827586207
2 0.16217150760719226 0.32794540229885055 0.06708160442600276 0.06824712643678162
2 0.28803596127247577 0.29454022988505746 0.06293222683264177 0.06321839080459771
2 0.32745504840940526 0.7510775862068966 0.06431535269709543 0.0668103448275862
2 0.4633471645919779 0.5043103448275862 0.05532503457814661 0.04454022988505747
2 0.15560165975103735 0.6332614942528736 0.07607192254495158 0.05387931034482758
2 0.584716459197787 0.884698275862069 0.05325034578146611 0.07543103448275862
2 0.7119640387275242 0.7733477011494253 0.06431535269709543 0.05244252873563218
2 0.7005532503457814 0.6160201149425287 0.059474412171507604 0.0639367816091954
2 0.47994467496542187 0.7528735632183908 0.0636237897648686 0.05172413793103448
2 0.2921853388658368 0.45977011494252873 0.03250345781466114 0.041666666666666664
2 0.5079529737206085 0.9392959770114943 0.058782849239280774 0.0625
2 0.5356154910096819 0.8588362068965517 0.04910096818810512 0.07255747126436782
2 0.14142461964038727 0.42852011494252873 0.06431535269709543 0.06824712643678162
2 0.24446749654218533 0.5829741379310345 0.04633471645919779 0.05818965517241379
2 0.3796680497925311 0.4802442528735632 0.058091286307053944 0.04382183908045977
2 0.6265560165975104 0.8617097701149425 0.04564315352697095 0.05387931034482758
2 0.2565698478561549 0.5172413793103449 0.035961272475795295 0.05172413793103448
2 0.6217150760719226 0.5122126436781609 0.0636237897648686 0.03735632183908046
2 0.4260027662517289 0.6788793103448276 0.05532503457814661 0.03879310344827586
2 0.5860995850622407 0.826867816091954 0.058782849239280774 0.05890804597701149
2 0.5608575380359613 0.5808189655172413 0.04979253112033195 0.05244252873563218
2 0.318118948824343 0.4920977011494253 0.07192254495159059 0.05316091954022988
2 0.4066390041493776 0.6260775862068966 0.058091286307053944 0.05818965517241379
2 0.4187413554633472 0.7959770114942529 0.04771784232365145 0.05316091954022988
2 0.49135546334716457 0.7931034482758621 0.06154910096818811 0.05172413793103448
2 0.3599585062240664 0.7931034482758621 0.06016597510373444 0.05603448275862069
2 0.35442600276625175 0.8318965517241379 0.058782849239280774 0.041666666666666664
2 0.5096818810511756 0.5732758620689655 0.051175656984785614 0.06321839080459771
2 0.16044260027662519 0.5948275862068966 0.05394190871369295 0.04454022988505747
2 0.5044951590594744 0.6422413793103449 0.05186721991701245 0.05172413793103448
2 0.5127939142461964 0.6925287356321839 0.05186721991701245 0.031609195402298854
2 0.7935684647302904 0.9791666666666666 0.042185338865836794 0.040229885057471264
2 0.39315352697095435 0.8753591954022989 0.05739972337482711 0.042385057471264365
2 0.431881051175657 0.9313936781609196 0.042185338865836794 0.05100574712643678
2 0.46438450899031813 0.6602011494252874 0.03665283540802213 0.03735632183908046
2 0.32053941908713696 0.5484913793103449 0.05325034578146611 0.05818965517241379
2 0.10235131396957123 0.45186781609195403 0.059474412171507604 0.04597701149425287
2 0.2008990318118949 0.39978448275862066 0.058782849239280774 0.05387931034482758
2 0.3869294605809129 0.4202586206896552 0.06293222683264177 0.04597701149425287
2 0.28526970954356845 0.4209770114942529 0.04633471645919779 0.03735632183908046
2 0.2621023513139696 0.3699712643678161 0.08852005532503458 0.05890804597701149
2 0.23651452282157676 0.5046695402298851 0.040110650069156296 0.05387931034482758
2 0.5629322268326418 0.6645114942528736 0.042876901798063624 0.04454022988505747