2 0.38134765625 0.40459045904590457 0.0810546875 0.0963096309630963
2 0.42578125 0.24392439243924394 0.111328125 0.1278127812781278
2 0.62744140625 0.3847884788478848 0.0947265625 0.08730873087308731
2 0.11767578125 0.32718271827182716 0.1474609375 0.06570657065706571
2 0.751953125 0.7578757875787578 0.09765625 0.10081008100810081
2 0.8525390625 0.7605760576057605 0.1171875 0.081008100810081
2 0.8857421875 0.6872187218721872 0.125 0.0747074707470747
2 0.8583984375 0.6017101710171017 0.095703125 0.10531053105310531
2 0.8046875 0.527002700270027 0.103515625 0.062106210621062106
2 0.96337890625 0.9275427542754275 0.0712890625 0.09450945094509451
1 0.119140625 0.33888388838883887 0.037109375 0.0405040504050405
0 0.4072265625 0.2376237623762376 0.056640625 0.039603960396039604
0 0.396484375 0.4054905490549055 0.046875 0.0333033303330333
1 0.63232421875 0.38163816381638166 0.0380859375 0.037803780378037805
1 0.81005859375 0.5432043204320433 0.0341796875 0.0333033303330333
0 0.87109375 0.5963096309630963 0.048828125 0.0387038703870387
0 0.74169921875 0.7637263726372637 0.0458984375 0.0333033303330333
0 0.853515625 0.7470747074707471 0.03515625 0.0576057605760576
0 0.88671875 0.671917191719172 0.033203125 0.04770477047704771
0 0.9580078125 0.9356435643564357 0.048828125 0.0333033303330333