2 0.5345659163987139 0.3867741935483871 0.10664523043944266 0.0832258064516129
2 0.11146838156484459 0.5180645161290323 0.09217577706323687 0.09161290322580645
2 0.5069667738478028 0.10903225806451614 0.09967845659163987 0.08774193548387096
2 0.4442658092175777 0.29838709677419356 0.06538049303322616 0.11290322580645161
2 0.517416934619507 0.47935483870967743 0.07663451232583066 0.11225806451612903
2 0.5297427652733119 0.6061290322580645 0.08306538049303322 0.07806451612903226
2 0.7352625937834941 0.4864516129032258 0.08038585209003216 0.1032258064516129
2 0.41854233654876744 0.1803225806451613 0.06752411575562701 0.07419354838709677
0 0.505091103965702 0.4806451612903226 0.04340836012861737 0.04
0 0.5316184351554126 0.37870967741935485 0.028938906752411574 0.04774193548387097
0 0.4303322615219721 0.28483870967741937 0.03536977491961415 0.036774193548387096
0 0.5010718113612004 0.12387096774193548 0.02679528403001072 0.04387096774193548