2 0.48830734966592426 0.06001765225066196 0.11247216035634744 0.07590467784642542
2 0.7750556792873051 0.19858781994704325 0.06904231625835189 0.10061782877316858
2 0.8090200445434298 0.24492497793468668 0.11247216035634744 0.05913503971756399
2 0.6726057906458798 0.3676081200353045 0.09131403118040089 0.06972639011473963
2 0.20879732739420936 0.294351279788173 0.08129175946547884 0.10856134157105031
2 0.12416481069042316 0.4563106796116505 0.10356347438752785 0.08296557811120918
2 0.3346325167037862 0.5533980582524272 0.08351893095768374 0.07590467784642542
2 0.29342984409799555 0.6037069726390115 0.09242761692650334 0.07590467784642542
2 0.13140311804008908 0.79567519858782 0.09799554565701558 0.07149161518093557
2 0.6631403118040089 0.6875551632833187 0.08574610244988864 0.09002647837599294
2 0.6141425389755011 0.7912621359223301 0.10801781737193764 0.07149161518093557
2 0.705456570155902 0.8190644307149162 0.10133630289532294 0.08296557811120918
2 0.7444320712694877 0.9130626654898499 0.08129175946547884 0.06266548984995587
2 0.829064587973274 0.912621359223301 0.07015590200445435 0.05472197705207414
2 0.643652561247216 0.9377758164165931 0.10467706013363029 0.08737864077669903
2 0.5879732739420935 0.8287731685789939 0.066815144766147 0.06707855251544571
0 0.48997772828507796 0.07193292144748456 0.044543429844097995 0.04501323918799647
1 0.7956570155902004 0.20123565754633715 0.036748329621380846 0.03353927625772286
0 0.23106904231625836 0.2974404236540159 0.05456570155902005 0.03177405119152692
1 0.6620267260579065 0.35481023830538394 0.036748329621380846 0.037069726390114736
0 0.13140311804008908 0.4532215357458076 0.0556792873051225 0.03795233892321271
1 0.344097995545657 0.5445719329214475 0.035634743875278395 0.03353927625772286
0 0.3101336302895323 0.5851721094439541 0.04788418708240535 0.0353045013239188
0 0.13752783964365256 0.7890556045895851 0.04788418708240535 0.038834951456310676
0 0.7243875278396437 0.8159752868490733 0.061247216035634745 0.03618711385701677
0 0.7405345211581291 0.9227714033539276 0.035634743875278395 0.03618711385701677
1 0.6119153674832962 0.7912621359223301 0.043429844097995544 0.04148278905560459