2 0.09332425068119891 0.8663500678426052 0.10490463215258855 0.12618724559023067
2 0.6478201634877384 0.9504748982360922 0.0885558583106267 0.06919945725915876
2 0.582425068119891 0.9016282225237449 0.164850136239782 0.11261872455902307
2 0.1226158038147139 0.5230664857530529 0.14713896457765668 0.10176390773405698
2 0.1600817438692098 0.49592944369063774 0.09400544959128065 0.12347354138398914
2 0.12534059945504086 0.1621438263229308 0.11716621253405994 0.12075983717774763
2 0.534741144414169 0.5719131614654003 0.08583106267029973 0.04477611940298507
2 0.5034059945504087 0.5217096336499322 0.0994550408719346 0.06919945725915876
2 0.5095367847411444 0.46472184531886024 0.10626702997275204 0.06105834464043419
2 0.5871934604904632 0.5807327001356852 0.08446866485013624 0.13568521031207598
2 0.3944141689373297 0.42198100407055633 0.0885558583106267 0.10040705563093623
2 0.3569482288828338 0.40094979647218454 0.09809264305177112 0.07462686567164178
2 0.34332425068119893 0.3202170963364993 0.08991825613079019 0.12754409769335143
1 0.07697547683923706 0.8629579375848032 0.04223433242506812 0.037991858887381276
1 0.5899182561307902 0.8894165535956581 0.04087193460490463 0.050203527815468114
1 0.1287465940054496 0.5468113975576662 0.039509536784741145 0.048846675712347354
1 0.14918256130790192 0.49592944369063774 0.04223433242506812 0.03934871099050204
1 0.13283378746594005 0.16417910447761194 0.04223433242506812 0.048846675712347354