2 0.40486322188449847 0.5067917205692108 0.03768996960486322 0.04463130659767141
2 0.2978723404255319 0.5976714100905562 0.05106382978723404 0.04915912031047866
2 0.39209726443769 0.4113842173350582 0.03404255319148936 0.04915912031047866
2 0.4401215805471125 0.4094437257438551 0.03404255319148936 0.045278137128072445
2 0.7103343465045593 0.11060802069857698 0.06382978723404255 0.059508408796895215
2 0.7689969604863222 0.11319534282018111 0.04012158054711246 0.050452781371280724
2 0.7638297872340426 0.02910737386804657 0.05531914893617021 0.05304010349288486
2 0.5191489361702127 0.0705045278137128 0.02796352583586626 0.04915912031047866
2 0.5474164133738602 0.08053040103492885 0.029787234042553193 0.06015523932729625
2 0.46261398176291796 0.1646183699870634 0.04741641337386018 0.06144890038809832
2 0.39361702127659576 0.22897800776196636 0.04437689969604863 0.037516170763260026
2 0.33404255319148934 0.583117723156533 0.03221884498480243 0.03428201811125485
2 0.25866261398176293 0.6041397153945667 0.03100303951367781 0.03880983182406209
2 0.5580547112462007 0.5336351875808538 0.04012158054711246 0.03622250970245795
2 0.24224924012158056 0.5109961190168176 0.02857142857142857 0.03622250970245795