2 0.9195736434108527 0.3138437336130047 0.06912144702842377 0.06764551651809124
2 0.3007105943152455 0.7343995804929209 0.0562015503875969 0.0540115364446775
2 0.5881782945736435 0.5915049816465653 0.07299741602067183 0.05663345568956476
2 0.10981912144702842 0.7522286313581542 0.0917312661498708 0.058206607236497114
2 0.040697674418604654 0.616675406397483 0.05813953488372093 0.06712113266911379
2 0.5197028423772609 0.6177241740954379 0.06395348837209303 0.051389617199790245
2 0.44799741602067183 0.6478762454116413 0.05749354005167959 0.05506030414263241
2 0.2877906976744186 0.45700052438384897 0.05232558139534884 0.06764551651809124
2 0.28488372093023256 0.5186156266386995 0.06976744186046512 0.06082852648138437
2 0.1740956072351421 0.5280545359202936 0.06266149870801034 0.050340849501835344
2 0.48255813953488375 0.5634504457262717 0.056847545219638244 0.07498689040377557
2 0.6708656330749354 0.5335605663345568 0.0755813953488372 0.060304142632406924
2 0.5397286821705426 0.4396958573675931 0.05103359173126615 0.04981646565285789
2 0.5436046511627907 0.562139486103828 0.05749354005167959 0.048243314105925535
2 0.6779715762273901 0.4195070791819612 0.06782945736434108 0.04509701101206083
2 0.5888242894056848 0.4155742003146303 0.08074935400516796 0.04771893025694809
2 0.6527777777777778 0.4472994231777661 0.07041343669250646 0.04929208180388044
2 0.23029715762273903 0.7362349239643419 0.06782945736434108 0.05243838489774515
2 0.4883720930232558 0.4229155742003146 0.06976744186046512 0.0508652333508128
2 0.41117571059431524 0.6646565285789198 0.05490956072351421 0.042475091767173574
2 0.22319121447028423 0.5603041426324069 0.05490956072351421 0.046670162558993186
2 0.11498708010335917 0.6641321447299423 0.06201550387596899 0.042475091767173574
2 0.18540051679586564 0.5810173046670163 0.1111111111111111 0.054535920293654956
2 0.1776485788113695 0.7624541164132145 0.06847545219638243 0.03670686942842161
2 0.29941860465116277 0.6329313057157839 0.0562015503875969 0.05558468799160986
2 0.45219638242894056 0.12060828526481385 0.06201550387596899 0.05558468799160986
2 0.9499354005167958 0.08285264813843733 0.09496124031007752 0.05558468799160986
2 0.9228036175710594 0.0356581017304667 0.08074935400516796 0.051389617199790245
2 0.9725452196382429 0.10409019402202412 0.053617571059431525 0.042475091767173574
2 0.9418604651162791 0.023597273203985317 0.0710594315245478 0.03985317252228631
2 0.6514857881136951 0.26848453067645517 0.04844961240310078 0.054535920293654956
2 0.5465116279069767 0.39276350288411116 0.04780361757105943 0.04614577871001573
2 0.37790697674418605 0.6195595175668589 0.05297157622739018 0.037231253277399054
2 0.1511627906976744 0.6350288411116938 0.06589147286821706 0.053487152595700055