2 0.5564935064935065 0.4334708612686952 0.07142857142857142 0.0593089221248066
2 0.8844155844155844 0.5270758122743683 0.07142857142857142 0.0556988138215575
2 0.3051948051948052 0.20268179473955647 0.06883116883116883 0.05260443527591542
2 0.5103896103896104 0.3274883960804538 0.07402597402597402 0.035069623517276945
2 0.6857142857142857 0.4775657555440949 0.06623376623376623 0.04538421866941723
2 0.47045454545454546 0.2552862300154719 0.07337662337662337 0.0629190304280557
2 0.5493506493506494 0.3780299123259412 0.06233766233766234 0.040226921093347086
2 0.41493506493506493 0.25348117586384733 0.04935064935064935 0.05002578648788035
2 0.487012987012987 0.21196493037648273 0.06493506493506493 0.042289840123775145
2 0.31623376623376626 0.11036616812790098 0.07142857142857142 0.0556988138215575
2 0.7542207792207792 0.4922640536358948 0.05909090909090909 0.04486848891181021
2 0.22597402597402597 0.23439917483238784 0.06493506493506493 0.042805569881382156
2 0.2720779220779221 0.17122227952552863 0.048051948051948054 0.039195461578133056
2 0.4496753246753247 0.29783393501805056 0.05649350649350649 0.037648272305312015
2 0.16103896103896104 0.0593089221248066 0.05974025974025974 0.037132542547705004
2 0.3905844155844156 0.03842186694172254 0.05909090909090909 0.029396596183599792
2 0.6217532467532467 0.4902011346054667 0.05 0.05105724600309438
2 0.8698051948051948 0.4326972666322847 0.05389610389610389 0.03403816400206292