2 0.2848067760719958 0.6561898652982682 0.06776071995764955 0.05131494547787043
2 0.07358390682901006 0.691468890314304 0.056114346214928536 0.08210391276459268
2 0.5876124933827422 0.41917896087235407 0.05505558496559026 0.06606799230275817
2 0.4880889359449444 0.10936497754971135 0.057173107464266806 0.08402822322001283
2 0.579142403388036 0.19595894804361771 0.065643197458973 0.055805003207184095
2 0.5616728427739545 0.13566388710711993 0.065643197458973 0.05067350865939705
2 0.2787188988883007 0.7322001282873637 0.06511381683430387 0.05708787684413085
2 0.21863419798835362 0.7254650416933932 0.04552673372154579 0.05644644002565747
2 0.49602964531498145 0.4704939063502245 0.05505558496559026 0.06093649775497113
2 0.5418210693488619 0.6119307248236049 0.04923239809422975 0.05259781911481719
2 0.5394388565378507 0.35760102629890955 0.05187930121757544 0.05195638229634381
2 0.5 0.21744708146247593 0.044997353096876656 0.05003207184092367
2 0.09714134462678665 0.9756254008980115 0.05664372683959767 0.04105195638229634
2 0.5399682371625198 0.18858242463117383 0.04235044997353097 0.06670942912123155
2 0.5992588671254632 0.3601667735728031 0.05293806246691371 0.07761385503527903
2 0.5733192165166755 0.3367543296985247 0.07623080995235575 0.05772931366260423
2 0.12572789835892006 0.6167415009621552 0.0513499205929063 0.05067350865939705
2 0.49364743250397036 0.277421423989737 0.06829010058231869 0.06991661321359846
2 0.04949708840656432 0.9753046824887749 0.044997353096876656 0.04810776138550353
2 0.4872948650079407 0.17030147530468248 0.0757014293276866 0.058370750481077614