2 0.860586011342155 0.6569055944055944 0.06332703213610585 0.08479020979020979
2 0.9229678638941399 0.6673951048951049 0.07844990548204159 0.08304195804195805
2 0.361531190926276 0.7281468531468531 0.08034026465028356 0.05944055944055944
2 0.26937618147448017 0.38986013986013984 0.07750472589792061 0.07342657342657342
2 0.12618147448015124 0.4637237762237762 0.09546313799621928 0.06381118881118882
2 0.8851606805293005 0.9541083916083916 0.07466918714555766 0.05856643356643357
2 0.8582230623818525 0.902972027972028 0.07183364839319471 0.04195804195804196
2 0.8591682419659735 0.8666958041958042 0.07561436672967864 0.04283216783216783
2 0.833648393194707 0.291958041958042 0.054820415879017016 0.05244755244755245
2 0.6583175803402647 0.8929195804195804 0.06332703213610585 0.09527972027972027
2 0.19187145557655955 0.5747377622377622 0.07750472589792061 0.0743006993006993
2 0.1786389413988658 0.5201048951048951 0.0945179584120983 0.04895104895104895
2 0.5760869565217391 0.854458041958042 0.08790170132325142 0.0673076923076923
2 0.7448015122873346 0.5218531468531469 0.07939508506616257 0.06993006993006994
1 0.21786389413988658 0.04632867132867133 0.0444234404536862 0.02972027972027972
0 0.2707939508506616 0.3728146853146853 0.04064272211720227 0.044580419580419584
1 0.1342155009451796 0.45236013986013984 0.034026465028355386 0.039335664335664336
1 0.16304347826086957 0.534527972027972 0.031190926275992438 0.03409090909090909
0 0.8416824196597353 0.30157342657342656 0.027410207939508508 0.03671328671328671
0 0.3738185255198488 0.7325174825174825 0.04064272211720227 0.03146853146853147
0 0.6389413988657845 0.8833041958041958 0.03969754253308128 0.037587412587412584
1 0.8487712665406427 0.9007867132867133 0.045368620037807186 0.032342657342657344
0 0.9210775047258979 0.6564685314685315 0.038752362948960305 0.038461538461538464
1 0.8780718336483931 0.6682692307692307 0.03780718336483932 0.03409090909090909
0 0.5907372400756143 0.8588286713286714 0.035916824196597356 0.03583916083916084
2 0.5935727788279773 0.895541958041958 0.07372400756143667 0.04283216783216783
1 0.8738185255198487 0.958916083916084 0.04064272211720227 0.033216783216783216