2 0.3462230215827338 0.8560277536860365 0.11690647482014388 0.0797918473547268
2 0.4518884892086331 0.8321769297484822 0.07823741007194245 0.1170858629661752
2 0.7414568345323741 0.12272333044232438 0.09622302158273381 0.11014744145706852
2 0.7859712230215827 0.05117085862966175 0.11510791366906475 0.08152645273200347
2 0.2072841726618705 0.906764960971379 0.08183453237410072 0.09280138768430182
1 0.18884892086330934 0.8933217692974849 0.03776978417266187 0.03295750216825672
1 0.3462230215827338 0.8686036426712923 0.03597122302158273 0.040763226366001735
1 0.45998201438848924 0.8317432784041631 0.040467625899280574 0.03295750216825672
0 0.7302158273381295 0.12142237640936687 0.050359712230215826 0.03469210754553339
1 0.7900179856115108 0.042497831743278404 0.03507194244604316 0.0398959236773634
1 0.024280575539568347 0.5273200346921075 0.04136690647482014 0.03469210754553339