2 0.4724813432835821 0.3949652777777778 0.0830223880597015 0.07291666666666667
2 0.8843283582089553 0.20703125 0.09328358208955224 0.0685763888888889
2 0.20662313432835822 0.9366319444444444 0.07555970149253731 0.07465277777777778
2 0.38619402985074625 0.6770833333333334 0.10820895522388059 0.06770833333333333
2 0.31296641791044777 0.7803819444444444 0.07555970149253731 0.07291666666666667
2 0.46455223880597013 0.9835069444444444 0.06716417910447761 0.03125
2 0.6847014925373134 0.4800347222222222 0.08022388059701492 0.08680555555555555
2 0.8502798507462687 0.4809027777777778 0.05317164179104478 0.06944444444444445
2 0.9542910447761194 0.5629340277777778 0.05970149253731343 0.051215277777777776
2 0.9015858208955224 0.6232638888888888 0.07555970149253731 0.050347222222222224
1 0.20009328358208955 0.9331597222222222 0.025186567164179104 0.027777777777777776
1 0.4566231343283582 0.9887152777777778 0.025186567164179104 0.020833333333333332
0 0.3208955223880597 0.77734375 0.03171641791044776 0.03211805555555555
0 0.39365671641791045 0.6814236111111112 0.03171641791044776 0.027777777777777776
1 0.4743470149253731 0.39453125 0.028917910447761194 0.026909722222222224
1 0.894589552238806 0.20052083333333334 0.024253731343283583 0.03298611111111111
2 0.8950559701492538 0.5772569444444444 0.09794776119402986 0.050347222222222224
1 0.9468283582089553 0.5633680555555556 0.027985074626865673 0.024305555555555556