2 0.20664414414414414 0.8571428571428571 0.23986486486486486 0.1130952380952381
2 0.7573198198198198 0.8630952380952381 0.29842342342342343 0.17063492063492064
2 0.704954954954955 0.6889880952380952 0.11936936936936937 0.17162698412698413
2 0.40653153153153154 0.26537698412698413 0.21621621621621623 0.19345238095238096
2 0.5011261261261262 0.12698412698412698 0.24324324324324326 0.15873015873015872
2 0.5056306306306306 0.24801587301587302 0.16441441441441443 0.14285714285714285
0 0.7877252252252253 0.8968253968253969 0.09121621621621621 0.10515873015873016
0 0.696509009009009 0.7296626984126984 0.10698198198198199 0.12202380952380952
0 0.42849099099099097 0.26785714285714285 0.11373873873873874 0.07341269841269842
0 0.44481981981981983 0.16567460317460317 0.10585585585585586 0.10515873015873016
1 0.47184684684684686 0.20337301587301587 0.09234234234234234 0.05952380952380952
0 0.25506756756756754 0.8472222222222222 0.14301801801801803 0.07738095238095238