2 0.3524305555555556 0.4952256944444444 0.08912037037037036 0.06510416666666667
2 0.3767361111111111 0.2838541666666667 0.07523148148148148 0.07291666666666667
2 0.14583333333333334 0.3550347222222222 0.1087962962962963 0.0625
2 0.09780092592592593 0.2747395833333333 0.09143518518518519 0.06684027777777778
2 0.04224537037037037 0.09678819444444445 0.08217592592592593 0.058159722222222224
2 0.05497685185185185 0.051215277777777776 0.1076388888888889 0.06076388888888889
2 0.32349537037037035 0.1310763888888889 0.08680555555555555 0.06770833333333333
2 0.5277777777777778 0.3229166666666667 0.08564814814814815 0.059027777777777776
2 0.4704861111111111 0.2013888888888889 0.06828703703703703 0.08680555555555555
2 0.5665509259259259 0.0954861111111111 0.07291666666666667 0.0642361111111111
2 0.2777777777777778 0.0703125 0.06944444444444445 0.046875
2 0.6226851851851852 0.3815104166666667 0.08564814814814815 0.07899305555555555
2 0.7986111111111112 0.5247395833333334 0.07407407407407407 0.058159722222222224
2 0.7378472222222222 0.23958333333333334 0.047453703703703706 0.0625
2 0.4756944444444444 0.3003472222222222 0.07407407407407407 0.07118055555555555
2 0.42997685185185186 0.3650173611111111 0.06828703703703703 0.04600694444444445
2 0.8402777777777778 0.3415798611111111 0.08564814814814815 0.049479166666666664
2 0.8119212962962963 0.4409722222222222 0.056712962962962965 0.057291666666666664
2 0.7754629629629629 0.5985243055555556 0.08564814814814815 0.059895833333333336
2 0.7390046296296297 0.5169270833333334 0.056712962962962965 0.04600694444444445
2 0.7690972222222222 0.3975694444444444 0.06597222222222222 0.043402777777777776
2 0.8917824074074074 0.3897569444444444 0.059027777777777776 0.050347222222222224
2 0.9537037037037037 0.5004340277777778 0.08564814814814815 0.0546875
2 0.8709490740740741 0.4427083333333333 0.06365740740740741 0.04861111111111111
2 0.9438657407407407 0.3967013888888889 0.052083333333333336 0.052083333333333336
2 0.9380787037037037 0.4440104166666667 0.07523148148148148 0.033854166666666664
0 0.047453703703703706 0.0646701388888889 0.041666666666666664 0.03211805555555555
0 0.04398148148148148 0.0876736111111111 0.037037037037037035 0.034722222222222224
1 0.09143518518518519 0.2795138888888889 0.03009259259259259 0.026041666666666668
0 0.1388888888888889 0.3415798611111111 0.03009259259259259 0.035590277777777776
0 0.2667824074074074 0.07074652777777778 0.03587962962962963 0.035590277777777776
0 0.3113425925925926 0.1349826388888889 0.032407407407407406 0.03211805555555555
1 0.38773148148148145 0.2777777777777778 0.037037037037037035 0.024305555555555556
1 0.4774305555555556 0.2938368055555556 0.04050925925925926 0.026909722222222224
1 0.44039351851851855 0.3654513888888889 0.03819444444444445 0.024305555555555556
0 0.5271990740740741 0.3333333333333333 0.03356481481481482 0.027777777777777776
2 0.5740740740740741 0.2890625 0.0763888888888889 0.026041666666666668
1 0.5630787037037037 0.2899305555555556 0.03125 0.024305555555555556
0 0.36574074074074076 0.4939236111111111 0.03009259259259259 0.029513888888888888
1 0.7349537037037037 0.5112847222222222 0.032407407407407406 0.029513888888888888
1 0.9027777777777778 0.3984375 0.032407407407407406 0.022569444444444444