2 0.5384615384615384 0.6581267217630854 0.0782051282051282 0.06556473829201102
2 0.8586538461538461 0.8055096418732782 0.08141025641025641 0.07162534435261708
2 0.3842948717948718 0.4068870523415978 0.08141025641025641 0.05674931129476584
2 0.5448717948717948 0.4096418732782369 0.07692307692307693 0.0699724517906336
2 0.4948717948717949 0.25840220385674934 0.0782051282051282 0.05289256198347107
2 0.4653846153846154 0.6002754820936639 0.08205128205128205 0.0765840220385675
2 0.40192307692307694 0.5479338842975207 0.07435897435897436 0.06115702479338843
2 0.7076923076923077 0.690633608815427 0.07307692307692308 0.06666666666666667
2 0.32403846153846155 0.25068870523415976 0.07756410256410257 0.06170798898071626
2 0.6705128205128205 0.5319559228650138 0.06538461538461539 0.0512396694214876
2 0.41474358974358977 0.32644628099173556 0.09358974358974359 0.06446280991735537
2 0.7730769230769231 0.703030303030303 0.06282051282051282 0.06391184573002755
2 0.13653846153846153 0.13581267217630855 0.05897435897435897 0.06336088154269973
2 0.48525641025641025 0.5564738292011019 0.06923076923076923 0.05950413223140496
2 0.22147435897435896 0.3928374655647383 0.08397435897435897 0.06391184573002755
2 0.28942307692307695 0.32066115702479336 0.08525641025641026 0.051790633608815424
2 0.4483974358974359 0.5129476584022039 0.06217948717948718 0.0628099173553719
2 0.3891025641025641 0.1716253443526171 0.05512820512820513 0.05564738292011019
2 0.17211538461538461 0.29641873278236913 0.0685897435897436 0.05619834710743802
2 0.3503205128205128 0.14269972451790633 0.060897435897435896 0.05730027548209366
2 0.31314102564102564 0.47107438016528924 0.060897435897435896 0.05289256198347107
2 0.21378205128205127 0.06005509641873278 0.08653846153846154 0.04628099173553719
2 0.6714743589743589 0.6220385674931129 0.07756410256410257 0.06831955922865014
2 0.358974358974359 0.5118457300275482 0.06538461538461539 0.06170798898071626
2 0.4596153846153846 0.6509641873278237 0.06538461538461539 0.045730027548209366
2 0.551923076923077 0.47052341597796143 0.06282051282051282 0.05399449035812672
2 0.11762820512820513 0.19889807162534434 0.06474358974358975 0.05950413223140496
2 0.38237179487179485 0.46804407713498625 0.06217948717948718 0.05785123966942149
2 0.19583333333333333 0.12672176308539945 0.07115384615384615 0.047382920110192836
2 0.27307692307692305 0.4840220385674931 0.06282051282051282 0.045730027548209366
2 0.9067307692307692 0.362534435261708 0.07756410256410257 0.05950413223140496
2 0.6230769230769231 0.5807162534435262 0.08717948717948718 0.04077134986225895
2 0.6961538461538461 0.5790633608815428 0.05897435897435897 0.03085399449035813
2 0.45705128205128204 0.3721763085399449 0.057692307692307696 0.06446280991735537
2 0.1782051282051282 0.35482093663911846 0.03974358974358974 0.048484848484848485
2 0.14198717948717948 0.23884297520661157 0.075 0.06005509641873278
2 0.1717948717948718 0.2702479338842975 0.07307692307692308 0.05454545454545454
2 0.11314102564102564 0.1484848484848485 0.0532051282051282 0.04132231404958678
2 0.7467948717948718 0.5509641873278237 0.06282051282051282 0.04628099173553719
2 0.8923076923076924 0.6741046831955922 0.06025641025641026 0.0699724517906336
2 0.9698717948717949 0.6586776859504132 0.05384615384615385 0.06556473829201102