2 0.3626342566421707 0.24212218649517686 0.06387789711701526 0.06881028938906752
2 0.7792538157150932 0.06784565916398713 0.06726964386659129 0.07138263665594856
2 0.5065008479366874 0.1 0.06783493499152063 0.07652733118971061
2 0.4824759751271905 0.2881028938906752 0.06274731486715658 0.07331189710610933
2 0.497456189937818 0.37717041800643086 0.05200678349349915 0.05337620578778135
2 0.32532504239683435 0.4266881028938907 0.053702656868287166 0.07138263665594856
2 0.5327868852459017 0.42411575562700965 0.06953080836630865 0.07266881028938907
2 0.21678914641040137 0.6016077170418006 0.05596382136800452 0.0842443729903537
2 0.7218767665347654 0.20546623794212218 0.054267947993216506 0.06623794212218649
2 0.12577727529677785 0.7405144694533762 0.046919163369135104 0.06366559485530547
2 0.6302996042962126 0.5276527331189711 0.054267947993216506 0.07009646302250803
2 0.5268513284341436 0.6218649517684888 0.05652911249293386 0.06430868167202572
2 0.36743923120407007 0.4311897106109325 0.0497456189937818 0.06881028938906752
2 0.5175240248728095 0.17363344051446947 0.054833239118145846 0.054019292604501605
2 0.7625777275296778 0.20385852090032155 0.05652911249293386 0.05659163987138264
2 0.6237987563595252 0.08585209003215434 0.03900508762012436 0.062379421221864954
2 0.2645562464669305 0.927652733118971 0.05200678349349915 0.05852090032154341
2 0.5963821368004523 0.2662379421221865 0.058790276992651214 0.05530546623794212
2 0.3894855850763143 0.34180064308681674 0.046353872244205764 0.062379421221864954
2 0.3193894855850763 0.5073954983922829 0.054267947993216506 0.06302250803858521
2 0.4270774448841153 0.1395498392282958 0.05596382136800452 0.0707395498392283
2 0.5585076314301866 0.6073954983922829 0.03843979649519502 0.07009646302250803
2 0.5949689089881289 0.7919614147909968 0.05031091011871114 0.03922829581993569
2 0.4301865460712267 0.7919614147909968 0.05313736574335783 0.049517684887459806
2 0.046353872244205764 0.7321543408360128 0.04409270774448841 0.06495176848874598
2 0.21678914641040137 0.9093247588424437 0.04578858111927643 0.04887459807073955
2 0.3578292820802713 0.33987138263665595 0.033917467495760314 0.07266881028938907
2 0.42114188807235725 0.09228295819935692 0.06218202374222725 0.044372990353697746
2 0.7597512719050311 0.041479099678456595 0.03730921424533635 0.04694533762057878
2 0.322215941209723 0.3360128617363344 0.04070096099491238 0.06366559485530547
2 0.44601469756924816 0.25337620578778136 0.05652911249293386 0.05787781350482315
2 0.6181458451102317 0.34180064308681674 0.054833239118145846 0.04565916398713826
2 0.6896551724137931 0.5080385852090032 0.033917467495760314 0.06559485530546624
2 0.466647823629169 0.6897106109324759 0.04918032786885246 0.037942122186495175
2 0.4024872809496891 0.4617363344051447 0.05765969474279254 0.06945337620578779
2 0.5593555681175806 0.34758842443729904 0.053702656868287166 0.07781350482315112
2 0.43725268513284343 0.3765273311897106 0.05031091011871114 0.06752411575562701
2 0.49858677218767666 0.23536977491961414 0.05313736574335783 0.06302250803858521
2 0.34850197851893727 0.8389067524115755 0.03900508762012436 0.04051446945337621