2 0.11823361823361823 0.15739484396200815 0.09971509971509972 0.11397557666214382
2 0.18304843304843305 0.2700135685210312 0.11823361823361823 0.06241519674355495
2 0.34472934472934474 0.2225237449118046 0.1225071225071225 0.11397557666214382
2 0.37962962962962965 0.45115332428765265 0.10398860398860399 0.12618724559023067
2 0.5968660968660968 0.08751696065128901 0.1794871794871795 0.09905020352781546
2 0.8062678062678063 0.94640434192673 0.10541310541310542 0.1044776119402985
2 0.47150997150997154 0.5027137042062415 0.10541310541310542 0.08819538670284939
2 0.47507122507122507 0.5943012211668928 0.09544159544159544 0.1112618724559023
2 0.5747863247863247 0.7191316146540027 0.08974358974358974 0.08683853459972862
2 0.646011396011396 0.6594301221166893 0.11823361823361823 0.07055630936227951
2 0.551994301994302 0.5915875169606513 0.07264957264957266 0.1628222523744912
2 0.6310541310541311 0.5970149253731343 0.09971509971509972 0.08955223880597014
2 0.5890313390313391 0.4260515603799186 0.11538461538461539 0.1519674355495251
2 0.7799145299145299 0.16757123473541383 0.0811965811965812 0.10176390773405698
2 0.7072649572649573 0.21166892808683854 0.08404558404558404 0.05970149253731343
2 0.7435897435897436 0.2510176390773406 0.09971509971509972 0.07055630936227951
2 0.7407407407407407 0.3466757123473541 0.10826210826210826 0.1587516960651289
2 0.8162393162393162 0.39620081411126185 0.1339031339031339 0.08955223880597014
2 0.8532763532763533 0.45386702849389415 0.09116809116809117 0.10719131614654002
2 0.9344729344729344 0.45793758480325647 0.1282051282051282 0.08276797829036635
2 0.6801994301994302 0.46200814111261873 0.13817663817663817 0.11261872455902307
1 0.34472934472934474 0.21845318860244234 0.037037037037037035 0.037991858887381276
0 0.5997150997150997 0.056309362279511534 0.042735042735042736 0.04206241519674356
0 0.7207977207977208 0.24423337856173677 0.06267806267806268 0.04341926729986431
1 0.6410256410256411 0.5990502035278155 0.03133903133903134 0.033921302578018994
0 0.6239316239316239 0.4491180461329715 0.05413105413105413 0.04341926729986431
0 0.7642450142450142 0.3487109905020353 0.06695156695156695 0.051560379918588875
1 0.8098290598290598 0.40637720488466755 0.038461538461538464 0.050203527815468114
0 0.905982905982906 0.4599728629579376 0.05128205128205128 0.0407055630936228
1 0.8753561253561254 0.44369063772048845 0.038461538461538464 0.032564450474898234
0 0.75997150997151 0.16485753052917232 0.03561253561253561 0.025780189959294438
1 0.6709401709401709 0.47489823609226595 0.037037037037037035 0.035278154681139755
1 0.5762108262108262 0.5881953867028494 0.03276353276353276 0.033921302578018994
1 0.7927350427350427 0.9559023066485753 0.029914529914529916 0.036635006784260515