2 0.2350928641251222 0.449868073878628 0.07038123167155426 0.07651715039577836
2 0.145405669599218 0.6131266490765171 0.06207233626588465 0.07849604221635884
2 0.6603128054740958 0.375 0.05865102639296188 0.07453825857519789
2 0.0772238514173998 0.49505277044854884 0.056695992179863146 0.07849604221635884
2 0.29349951124144674 0.4445910290237467 0.04936461388074291 0.06068601583113457
2 0.3010752688172043 0.5227572559366754 0.06158357771260997 0.08641160949868074
2 0.07086999022482894 0.5748680738786279 0.053763440860215055 0.06266490765171503
2 0.026148582600195504 0.4472295514511873 0.04447702834799609 0.10422163588390501
2 0.1639784946236559 0.5003298153034301 0.036656891495601175 0.060026385224274406
2 0.6505376344086021 0.03825857519788918 0.04887585532746823 0.06728232189973615
2 0.5757575757575758 0.4726253298153034 0.0469208211143695 0.04947229551451187
2 0.1092375366568915 0.554419525065963 0.036656891495601175 0.07189973614775726
2 0.4066471163245357 0.7757255936675461 0.05180840664711633 0.06596306068601583
2 0.22287390029325513 0.6441292875989446 0.047898338220918865 0.09168865435356201