2 0.8053057553956835 0.9113070539419087 0.07284172661870504 0.10892116182572614
2 0.4154676258992806 0.8807053941908713 0.0539568345323741 0.11410788381742738
2 0.5939748201438849 0.520746887966805 0.08363309352517985 0.05394190871369295
2 0.7769784172661871 0.6244813278008299 0.0683453237410072 0.0954356846473029
2 0.2131294964028777 0.6244813278008299 0.08812949640287769 0.08713692946058091
2 0.5651978417266187 0.23807053941908712 0.05845323741007194 0.09439834024896265
2 0.6951438848920863 0.37811203319502074 0.08453237410071943 0.06742738589211618
2 0.6465827338129496 0.8023858921161826 0.048561151079136694 0.08817427385892117
0 0.7868705035971223 0.9071576763485477 0.03776978417266187 0.044605809128630707
1 0.6497302158273381 0.8023858921161826 0.026079136690647483 0.032157676348547715
1 0.6047661870503597 0.5098547717842323 0.03147482014388489 0.03630705394190872
0 0.5665467625899281 0.22095435684647302 0.0341726618705036 0.05186721991701245
1 0.2072841726618705 0.6192946058091287 0.03327338129496403 0.03941908713692946
1 0.4037769784172662 0.8926348547717843 0.03597122302158273 0.04253112033195021
0 0.7059352517985612 0.362551867219917 0.03776978417266187 0.04045643153526971