2 0.2915575916230366 0.4458720612356479 0.08965968586387435 0.0661563696008748
2 0.3700916230366492 0.5861126298523783 0.08573298429319372 0.07654455986878075
2 0.7820680628272252 0.6506287588846364 0.06806282722513089 0.0590486604702023
2 0.37205497382198954 0.3045379989065063 0.0700261780104712 0.06014215418261345
2 0.5526832460732984 0.653635866593767 0.07787958115183247 0.04428649535265172
2 0.5359947643979057 0.5281574630945872 0.09031413612565445 0.07107709130672499
2 0.6773560209424084 0.6375068343357025 0.08376963350785341 0.056861673045379986
2 0.1537958115183246 0.32449425915800983 0.0968586387434555 0.04866047020229634
2 0.3704188481675393 0.3706943685073811 0.07068062827225131 0.0590486604702023
2 0.28304973821989526 0.36932750136686715 0.08835078534031414 0.06287588846364134
2 0.09980366492146597 0.2077638053581192 0.07133507853403141 0.06779661016949153
2 0.6151832460732984 0.6044286495352652 0.05759162303664921 0.059595407326407876
2 0.4087041884816754 0.10880262438490979 0.05693717277486911 0.0590486604702023
2 0.1537958115183246 0.18698742482230726 0.0549738219895288 0.055768179332968834
2 0.8033376963350786 0.3706943685073811 0.06740837696335078 0.045926735921268454
2 0.599803664921466 0.702843083652269 0.05170157068062827 0.0519409513395298
2 0.712696335078534 0.5535811919081465 0.05235602094240838 0.06178239475123018
2 0.4643324607329843 0.3993985784581739 0.0700261780104712 0.06287588846364134
2 0.8291884816753927 0.7315472936030618 0.07068062827225131 0.04155276107162384
2 0.28272251308900526 0.23455440131219246 0.07722513089005235 0.04811372334609076
2 0.8406413612565445 0.40158556588299615 0.06479057591623037 0.05522143247676326
2 0.16099476439790575 0.3638600328048114 0.07198952879581152 0.046473482777474026
2 0.2915575916230366 0.065882996172772 0.06740837696335078 0.057408419901585565
2 0.393651832460733 0.02405686167304538 0.07787958115183247 0.04373974849644614
2 0.2588350785340314 0.021323127392017496 0.06479057591623037 0.03936577364680153