2 0.7829989440337909 0.04923939151321057 0.08553326293558607 0.09527622097678143
2 0.8500527983104541 0.059647718174539635 0.0908130939809926 0.05044035228182546
2 0.67740232312566 0.0632506004803843 0.08553326293558607 0.08807045636509207
2 0.571805702217529 0.3450760608486789 0.12565997888067582 0.06725380304243395
2 0.34318901795142553 0.4583666933546838 0.0781414994720169 0.0744595676541233
2 0.8030623020063358 0.45076060848678945 0.08130939809926083 0.08967173738991192
2 0.7206969376979937 0.45236188951160927 0.08764519535374868 0.07365892714171338
2 0.6684266103484688 0.3630904723779023 0.08870116156282999 0.07606084867894315
2 0.7074973600844773 0.38310648518815055 0.08236536430834214 0.09847878302642114
2 0.09714889123548047 0.9387510008006406 0.1351636747624076 0.06485188150520416
2 0.31626187961985214 0.5644515612489992 0.146779303062302 0.05604483586869496
2 0.2402323125659979 0.23258606885508407 0.09186906019007392 0.06645316253002402
2 0.3252375923970433 0.19015212169735787 0.09714889123548047 0.08406725380304243
2 0.4857444561774023 0.10688550840672538 0.1119324181626188 0.09367493995196156
2 0.2592397043294615 0.5152121697357886 0.07286166842661035 0.06965572457966374
2 0.426610348468849 0.8722978382706165 0.10559662090813093 0.06805444355484387
2 0.4588173178458289 0.6757405924739792 0.11087645195353749 0.06725380304243395
2 0.5221752903907075 0.46597277822257804 0.12565997888067582 0.06725380304243395
2 0.6420274551214361 0.4867894315452362 0.0781414994720169 0.07686148919135308
2 0.31890179514255546 0.7718174539631706 0.10559662090813093 0.04483586869495596
0 0.10242872228088701 0.9319455564451561 0.042238648363252376 0.03362690152121697
0 0.40760295670538543 0.8682946357085669 0.044350580781414996 0.03122497998398719
0 0.31573389651531153 0.7654123298638911 0.03590285110876452 0.03362690152121697
0 0.4588173178458289 0.6785428342674139 0.04751847940865892 0.0344275420336269
0 0.3183738120380148 0.577261809447558 0.05174234424498416 0.03522818254603683
0 0.3310454065469905 0.4615692554043235 0.0454065469904963 0.029623698959167333
0 0.5211193241816262 0.45396317053642915 0.05174234424498416 0.04643714971977582
0 0.6383315733896515 0.4923939151321057 0.04751847940865892 0.040032025620496396
0 0.8162618796198522 0.45476381104883906 0.050686378035902854 0.03042433947157726
0 0.7222808870116156 0.4487590072057646 0.04012671594508976 0.03763010408326661
1 0.721752903907075 0.38710968775020016 0.04751847940865892 0.0344275420336269
1 0.6710665258711721 0.3654923939151321 0.0454065469904963 0.0344275420336269
0 0.574973600844773 0.35588470776621295 0.04751847940865892 0.044035228182546036
2 0.18796198521647306 0.8979183346677342 0.057022175290390706 0.08726981585268215
0 0.24392819429778248 0.24579663730984788 0.03167898627243928 0.03522818254603683
0 0.32840549102428723 0.1909527622097678 0.042238648363252376 0.03923138510808647
0 0.4783526927138332 0.10648518815052041 0.050686378035902854 0.03682946357085669
0 0.6953537486800423 0.06405124099279423 0.05174234424498416 0.03843074459567654
0 0.8020063357972544 0.04243394715772618 0.04963041182682154 0.03682946357085669
0 0.8553326293558606 0.06204963971176942 0.04012671594508976 0.02802241793434748
2 0.8315733896515312 0.4267413931144916 0.05807814149947202 0.059247397918334666
0 0.8447729672650475 0.41393114491593275 0.03590285110876452 0.032025620496397116