2 0.2517857142857143 0.7470379146919431 0.075 0.06516587677725119
2 0.15714285714285714 0.7458530805687204 0.0761904761904762 0.07701421800947868
2 0.20952380952380953 0.8169431279620853 0.10238095238095238 0.06279620853080568
2 0.46845238095238095 0.4496445497630332 0.08214285714285714 0.07227488151658767
2 0.7416666666666667 0.11611374407582939 0.07380952380952381 0.0995260663507109
2 0.27380952380952384 0.4419431279620853 0.0761904761904762 0.08767772511848342
2 0.305952380952381 0.8862559241706162 0.06904761904761905 0.05924170616113744
2 0.40595238095238095 0.5462085308056872 0.08333333333333333 0.06872037914691943
2 0.33095238095238094 0.5065165876777251 0.10952380952380952 0.06516587677725119
2 0.6845238095238095 0.39691943127962087 0.06666666666666667 0.06635071090047394
2 0.09345238095238095 0.4928909952606635 0.075 0.05924170616113744
2 0.1732142857142857 0.36670616113744076 0.07976190476190476 0.05568720379146919
2 0.5702380952380952 0.36433649289099523 0.07142857142857142 0.09834123222748815
0 0.7321428571428571 0.11492890995260663 0.0380952380952381 0.035545023696682464
2 0.4988095238095238 0.06516587677725119 0.07142857142857142 0.07582938388625593
2 0.7428571428571429 0.1877962085308057 0.09047619047619047 0.08412322274881516
2 0.37797619047619047 0.20556872037914692 0.07261904761904762 0.06516587677725119
0 0.37797619047619047 0.21208530805687204 0.02738095238095238 0.035545023696682464
0 0.6702380952380952 0.3909952606635071 0.0380952380952381 0.030805687203791468
0 0.5547619047619048 0.3690758293838863 0.03571428571428571 0.03672985781990521
0 0.4625 0.45023696682464454 0.034523809523809526 0.037914691943127965
0 0.325 0.5207345971563981 0.02857142857142857 0.03909952606635071
1 0.26904761904761904 0.4472748815165877 0.02857142857142857 0.03672985781990521
0 0.08988095238095238 0.4816350710900474 0.02976190476190476 0.03909952606635071
2 0.19523809523809524 0.38507109004739337 0.047619047619047616 0.06635071090047394
0 0.20714285714285716 0.38566350710900477 0.0380952380952381 0.03672985781990521
0 0.15535714285714286 0.7470379146919431 0.03214285714285714 0.034360189573459717
1 0.25297619047619047 0.7446682464454977 0.02976190476190476 0.03672985781990521
0 0.2970238095238095 0.9028436018957346 0.02261904761904762 0.03317535545023697
1 0.2119047619047619 0.8341232227488151 0.02619047619047619 0.030805687203791468
0 0.06726190476190476 0.43838862559241704 0.034523809523809526 0.03317535545023697
2 0.05416666666666667 0.44549763033175355 0.06547619047619048 0.05924170616113744