2 0.749690594059406 0.7498360655737705 0.08353960396039604 0.06754098360655737
2 0.46132425742574257 0.6563934426229509 0.06621287128712872 0.05901639344262295
2 0.6627475247524752 0.5324590163934426 0.06683168316831684 0.07475409836065573
2 0.33261138613861385 0.2337704918032787 0.06373762376237624 0.06229508196721312
2 0.4186262376237624 0.5816393442622951 0.06373762376237624 0.06295081967213115
2 0.23514851485148514 0.3940983606557377 0.1150990099009901 0.06688524590163934
2 0.7846534653465347 0.9619672131147541 0.06435643564356436 0.05901639344262295
2 0.6070544554455446 0.6308196721311475 0.0594059405940594 0.05508196721311476
2 0.5235148514851485 0.6186885245901639 0.06064356435643564 0.06491803278688525
2 0.3316831683168317 0.43508196721311476 0.07301980198019802 0.05311475409836065
2 0.0426980198019802 0.31540983606557377 0.05693069306930693 0.06557377049180328
2 0.8660272277227723 0.699344262295082 0.04888613861386139 0.06885245901639345
2 0.11293316831683169 0.29278688524590163 0.05012376237623763 0.06229508196721312
2 0.6992574257425742 0.5911475409836066 0.04455445544554455 0.05967213114754098
2 0.5590965346534653 0.5734426229508197 0.055074257425742575 0.06098360655737705
2 0.7787747524752475 0.8062295081967213 0.04888613861386139 0.05573770491803279
2 0.3635519801980198 0.8465573770491803 0.06002475247524752 0.06426229508196721
2 0.08415841584158416 0.23245901639344263 0.055693069306930694 0.04918032786885246
2 0.48824257425742573 0.9255737704918032 0.055693069306930694 0.06491803278688525
2 0.15501237623762376 0.24131147540983608 0.0525990099009901 0.05901639344262295
2 0.06992574257425743 0.1540983606557377 0.06311881188118812 0.06295081967213115
2 0.48917079207920794 0.9606557377049181 0.07116336633663366 0.06295081967213115
2 0.541769801980198 0.8980327868852459 0.04517326732673267 0.06360655737704918
2 0.4306930693069307 0.4239344262295082 0.05816831683168317 0.06229508196721312
2 0.4557549504950495 0.5314754098360656 0.0686881188118812 0.06229508196721312
2 0.6051980198019802 0.5836065573770491 0.05816831683168317 0.0380327868852459
2 0.5891089108910891 0.860655737704918 0.04702970297029703 0.06098360655737705
2 0.41336633663366334 0.8681967213114754 0.04455445544554455 0.04852459016393443
2 0.5850866336633663 0.8954098360655738 0.05631188118811881 0.04655737704918033
2 0.541769801980198 0.9622950819672131 0.03650990099009901 0.05180327868852459
2 0.3910891089108911 0.620327868852459 0.054455445544554455 0.03934426229508197
2 0.26485148514851486 0.30983606557377047 0.054455445544554455 0.038688524590163934
2 0.30383663366336633 0.40557377049180326 0.06435643564356436 0.04524590163934426
2 0.07827970297029703 0.25868852459016395 0.05631188118811881 0.04131147540983607
2 0.055074257425742575 0.1901639344262295 0.05198019801980198 0.04459016393442623
2 0.027846534653465347 0.15737704918032788 0.03712871287128713 0.057704918032786885