2 0.3471861471861472 0.5105614230127848 0.14025974025974025 0.05947748749305169
2 0.49004329004329006 0.39966648137854366 0.09696969696969697 0.0500277932184547
2 0.24112554112554113 0.5755975541967759 0.12554112554112554 0.048360200111172875
2 0.8649350649350649 0.2565314063368538 0.10216450216450217 0.06170094496942746
2 0.577922077922078 0.3904947192884936 0.09783549783549783 0.05391884380211229
2 0.13896103896103895 0.4441356309060589 0.07878787878787878 0.0622568093385214
2 0.42077922077922075 0.32240133407448585 0.07792207792207792 0.09449694274596998
2 0.05974025974025974 0.45775430794886046 0.10216450216450217 0.05169538632573652
2 0.6731601731601732 0.169816564758199 0.08571428571428572 0.0528071150639244
2 0.664069264069264 0.11367426347971095 0.1038961038961039 0.06392440244580322
2 0.6619047619047619 0.2198443579766537 0.11341991341991342 0.05947748749305169
2 0.7480519480519481 0.2868260144524736 0.11255411255411256 0.061145080600333516
2 0.6865800865800866 0.26542523624235687 0.08658008658008658 0.07392996108949416
2 0.05757575757575758 0.39660922734852694 0.10649350649350649 0.06614785992217899
2 0.19047619047619047 0.5308504724847137 0.0761904761904762 0.07670928293496387
2 0.9640692640692641 0.23290717065036132 0.0632034632034632 0.05113952195664258
2 0.5125541125541125 0.33518621456364645 0.07965367965367966 0.040022234574763754
2 0.6341991341991342 0.30127848804891605 0.08571428571428572 0.045580878265703166
2 0.5835497835497836 0.35352973874374655 0.09350649350649351 0.0500277932184547
2 0.5463203463203463 0.29016120066703727 0.08311688311688312 0.06670372429127293
2 0.4658008658008658 0.2556976097832129 0.09523809523809523 0.04446914952751529
1 0.3359307359307359 0.4963868816008894 0.0380952380952381 0.032240133407448586
1 0.24329004329004328 0.5833796553640912 0.03116883116883117 0.02501389660922735
1 0.20995670995670995 0.5386325736520289 0.03722943722943723 0.023346303501945526
1 0.04155844155844156 0.4616453585325181 0.03636363636363636 0.02612562534741523
1 0.14025974025974025 0.443301834352418 0.0380952380952381 0.023902167871039465
1 0.06493506493506493 0.3941078376876042 0.03463203463203463 0.02556976097832129
1 0.49004329004329006 0.39466370205669815 0.0329004329004329 0.024458032240133407
1 0.6800865800865801 0.1678710394663702 0.03722943722943723 0.022234574763757644
1 0.854978354978355 0.26014452473596444 0.030303030303030304 0.021122846025569762
1 0.9822510822510823 0.23707615341856586 0.02683982683982684 0.022790439132851583
1 0.6952380952380952 0.26931628682601444 0.03116883116883117 0.02056698165647582
1 0.5575757575757576 0.3971650917176209 0.0380952380952381 0.02056698165647582
0 0.4134199134199134 0.32045580878265706 0.04935064935064935 0.02612562534741523
0 0.5099567099567099 0.339633129516398 0.04155844155844156 0.024458032240133407
0 0.5688311688311688 0.34130072262367983 0.03116883116883117 0.02556976097832129
0 0.6246753246753247 0.2934963868816009 0.032034632034632034 0.02556976097832129
0 0.6766233766233766 0.2131739855475264 0.03896103896103896 0.02501389660922735
0 0.6303030303030303 0.13674263479710952 0.04155844155844156 0.02556976097832129
1 0.548051948051948 0.2882156753752084 0.0380952380952381 0.029460811561978877
1 0.7354978354978355 0.29210672595886605 0.032034632034632034 0.02501389660922735