2 0.5443293033966609 0.09290322580645162 0.09383995394358088 0.06838709677419355
2 0.48244099021301096 0.23 0.05641911341393207 0.07419354838709677
2 0.6816350028785262 0.6819354838709677 0.0690846286701209 0.09032258064516129
2 0.8618307426597582 0.7951612903225806 0.0736902705814623 0.07806451612903226
2 0.8828439838802533 0.7067741935483871 0.07196315486470926 0.0664516129032258
2 0.2979274611398964 0.2696774193548387 0.06620610247553253 0.06451612903225806
2 0.4510650546919977 0.08258064516129032 0.05814622913068509 0.07741935483870968
2 0.6611974668969488 0.6261290322580645 0.05238917674150835 0.06516129032258064
0 0.5426021876799079 0.11032258064516129 0.02936096718480138 0.03870967741935484
0 0.29591249280368453 0.2887096774193548 0.024179620034542316 0.036774193548387096
0 0.6827864133563616 0.6958064516129032 0.031088082901554404 0.032903225806451615
0 0.8609671848013817 0.7996774193548387 0.02936096718480138 0.032903225806451615