2 0.8727926749509484 0.21842536905412793 0.06213211249182472 0.05522143247676326
2 0.4421190320470896 0.5792782941498087 0.06409417920209287 0.04866047020229634
2 0.3570961412688031 0.2728266812465828 0.06409417920209287 0.07435757244395845
2 0.473185088293002 0.5005467468562056 0.06605624591236102 0.05084745762711865
2 0.3136036625245258 0.6183706943685073 0.09614126880313931 0.04373974849644614
2 0.7145192936559843 0.056314926189174414 0.05559189012426422 0.056861673045379986
2 0.6641595814257685 0.34527063969382177 0.04251144538914323 0.047566976489885185
2 0.7789404839764552 0.1249316566429743 0.053629823413996074 0.057408419901585565
2 0.6079136690647482 0.15035538545653362 0.06736429038587312 0.05139420448332422
2 0.2805755395683453 0.4436850738108256 0.06540222367560497 0.04209950792782941
2 0.882275997383911 0.1694915254237288 0.07455853499018966 0.04373974849644614
2 0.052975801177240024 0.7796610169491526 0.060170045781556575 0.05139420448332422
2 0.12295618051013735 0.640787315472936 0.07455853499018966 0.056861673045379986
2 0.20176586003924132 0.3972115910333516 0.06474820143884892 0.04319300164024057
2 0.18312622629169392 0.4811372334609076 0.05755395683453238 0.04264625478403499
2 0.3368214519293656 0.35948605795516675 0.07063440156965337 0.046473482777474026
2 0.11641595814257685 0.48742482230727174 0.05493786788750817 0.030071077091306724
2 0.24035317200784825 0.24603608529250956 0.041203400915631135 0.034991798797156914
2 0.9146500981033355 0.08119190814652816 0.06213211249182472 0.04975396391470749
2 0.6752779594506213 0.07927829414980864 0.06736429038587312 0.034991798797156914
2 0.5281229561805101 0.25150355385456535 0.06474820143884892 0.03280481137233461