2 0.43097643097643096 0.1077755905511811 0.09595959595959595 0.07578740157480315
2 0.40614478114478114 0.15206692913385828 0.08501683501683502 0.07775590551181102
2 0.42845117845117847 0.23031496062992127 0.06228956228956229 0.10236220472440945
2 0.48148148148148145 0.2406496062992126 0.0723905723905724 0.09744094488188976
2 0.5585016835016835 0.22933070866141733 0.07323232323232323 0.07480314960629922
2 0.5332491582491582 0.5088582677165354 0.117003367003367 0.07874015748031496
2 0.5467171717171717 0.7145669291338582 0.07828282828282829 0.09055118110236221
2 0.9402356902356902 0.7987204724409449 0.06060606060606061 0.06791338582677166
2 0.6548821548821548 0.7519685039370079 0.11616161616161616 0.07677165354330709
2 0.3202861952861953 0.21456692913385828 0.0664983164983165 0.0531496062992126
2 0.7765151515151515 0.8971456692913385 0.054713804713804715 0.08956692913385826
2 0.44234006734006737 0.6284448818897638 0.08333333333333333 0.08562992125984252
2 0.5294612794612794 0.38779527559055116 0.04882154882154882 0.06299212598425197
2 0.055134680134680134 0.045275590551181105 0.07491582491582492 0.07874015748031496
2 0.4057239057239057 0.5019685039370079 0.0707070707070707 0.08661417322834646
2 0.2798821548821549 0.3617125984251969 0.0664983164983165 0.06988188976377953
1 0.7769360269360269 0.9079724409448819 0.026936026936026935 0.04822834645669291
1 0.6519360269360269 0.7396653543307087 0.029461279461279462 0.04625984251968504
1 0.9604377104377104 0.8105314960629921 0.03367003367003367 0.0344488188976378
1 0.5437710437710438 0.7116141732283464 0.03872053872053872 0.04330708661417323
1 0.44276094276094274 0.6077755905511811 0.03535353535353535 0.04625984251968504
1 0.5345117845117845 0.49803149606299213 0.03535353535353535 0.0531496062992126
0 0.4246632996632997 0.4911417322834646 0.03787878787878788 0.045275590551181105
1 0.5256734006734006 0.3853346456692913 0.03282828282828283 0.040354330708661415
1 0.29292929292929293 0.37303149606299213 0.037037037037037035 0.03740157480314961
1 0.5627104377104377 0.22785433070866143 0.04292929292929293 0.04232283464566929
1 0.48863636363636365 0.23769685039370078 0.03787878787878788 0.04429133858267716
1 0.4154040404040404 0.23375984251968504 0.034511784511784514 0.04625984251968504
1 0.32196969696969696 0.2002952755905512 0.031144781144781145 0.04429133858267716
1 0.4027777777777778 0.16535433070866143 0.026094276094276093 0.047244094488188976
1 0.4276094276094276 0.09350393700787402 0.03535353535353535 0.047244094488188976
1 0.06228956228956229 0.054133858267716536 0.03198653198653199 0.02952755905511811