2 0.8912891986062718 0.46247531270572745 0.08222996515679443 0.07965766951942067
2 0.15331010452961671 0.9516129032258065 0.09895470383275261 0.08624094799210007
2 0.6822299651567945 0.3880842659644503 0.09337979094076655 0.06912442396313365
2 0.4156794425087108 0.684331797235023 0.07735191637630662 0.08229098090849243
2 0.9595818815331011 0.5595786701777485 0.0710801393728223 0.06056616194865043
2 0.5031358885017422 0.7373271889400922 0.07526132404181185 0.06978275181040158
1 0.14843205574912893 0.9423963133640553 0.030662020905923345 0.028308097432521395
1 0.4146341463414634 0.6810401579986833 0.02926829268292683 0.028308097432521395
0 0.9703832752613241 0.565832784726794 0.02857142857142857 0.03357472021066491
0 0.894773519163763 0.4549045424621461 0.025087108013937282 0.028966425279789335
0 0.6853658536585366 0.40059249506254113 0.02857142857142857 0.03620803159973667