2 0.6230769230769231 0.4522740033688939 0.05512820512820513 0.04884896125772038
2 0.8804487179487179 0.9177428411005053 0.03141025641025641 0.043234138124649074
2 0.8407051282051282 0.7751263335204941 0.04294871794871795 0.016282987085906794
2 0.40544871794871795 0.8935991016282987 0.01987179487179487 0.04997192588433464
2 0.453525641025641 0.9191465468837732 0.01987179487179487 0.05390230207748456
2 0.5525641025641026 0.3781583380123526 0.023076923076923078 0.04884896125772038
2 0.7413461538461539 0.5881527231892195 0.0391025641025641 0.045480067377877596
2 0.5153846153846153 0.7170129140932061 0.03205128205128205 0.043795620437956206
2 0.44358974358974357 0.673778775968557 0.041025641025641026 0.029197080291970802
2 0.5298076923076923 0.9051094890510949 0.04038461538461539 0.03256597417181359
2 0.5727564102564102 0.9042672655811342 0.03782051282051282 0.0364963503649635