2 0.40119363395225466 0.07991071428571428 0.07294429708222812 0.06875
2 0.20557029177718833 0.19508928571428572 0.10610079575596817 0.06517857142857143
2 0.2572944297082228 0.3357142857142857 0.11936339522546419 0.08928571428571429
2 0.4854111405835544 0.34464285714285714 0.16710875331564987 0.05892857142857143
2 0.9416445623342176 0.33348214285714284 0.08488063660477453 0.08482142857142858
2 0.8222811671087533 0.4861607142857143 0.09018567639257294 0.09375
2 0.8919098143236074 0.6861607142857142 0.1206896551724138 0.045535714285714284
2 0.5450928381962865 0.6754464285714286 0.11405835543766578 0.06339285714285714
2 0.33355437665782495 0.6941964285714286 0.123342175066313 0.10446428571428572
2 0.4449602122015915 0.8915178571428571 0.09946949602122016 0.07232142857142858
2 0.5676392572944297 0.9553571428571429 0.11936339522546419 0.06964285714285715
1 0.4151193633952255 0.09017857142857143 0.05305039787798409 0.03571428571428571
1 0.22745358090185677 0.18125 0.05172413793103448 0.039285714285714285
0 0.2592838196286472 0.33303571428571427 0.0649867374005305 0.048214285714285716
1 0.4807692307692308 0.32321428571428573 0.05968169761273209 0.03571428571428571
0 0.8269230769230769 0.5147321428571429 0.05968169761273209 0.04732142857142857
1 0.34350132625994695 0.6915178571428572 0.0610079575596817 0.04017857142857143
0 0.5437665782493368 0.6660714285714285 0.05570291777188329 0.04107142857142857
0 0.8992042440318302 0.6915178571428572 0.05570291777188329 0.03660714285714286
0 0.4197612732095491 0.8821428571428571 0.07029177718832891 0.03214285714285714
1 0.5749336870026526 0.9727678571428572 0.05968169761273209 0.03482142857142857