2 0.33832673827020915 0.314993564993565 0.08196721311475409 0.05855855855855856
2 0.06133408705483324 0.5363577863577863 0.06726964386659129 0.07657657657657657
2 0.28886376483889203 0.6303088803088803 0.06557377049180328 0.08429858429858429
2 0.20830977953646126 0.7104247104247104 0.06953080836630865 0.05791505791505792
2 0.39033352176370834 0.638996138996139 0.06161673261729791 0.06177606177606178
2 0.6099491237987563 0.6264478764478765 0.06218202374222725 0.07915057915057915
2 0.43244771057094405 0.4597812097812098 0.06670435274166196 0.0546975546975547
2 0.45138496325607685 0.9211711711711712 0.07066139061616733 0.06113256113256113
2 0.24279253815715093 0.38063063063063063 0.059355568117580554 0.064993564993565
2 0.5344827586206896 0.416988416988417 0.06161673261729791 0.0694980694980695
2 0.2679479932165065 0.7123552123552124 0.059920859242509894 0.07722007722007722
2 0.43414358394573205 0.528957528957529 0.047484454494064444 0.06048906048906049
2 0.2091577162238553 0.24227799227799227 0.07009609949123799 0.0546975546975547
2 0.03335217637083098 0.46106821106821105 0.06218202374222725 0.07657657657657657
2 0.752119841718485 0.9649292149292149 0.06387789711701526 0.04954954954954955
2 0.4723007348784624 0.5440797940797941 0.06387789711701526 0.07528957528957529
2 0.35585076314301867 0.4806949806949807 0.04578858111927643 0.05791505791505792
2 0.46071226681741095 0.6412483912483913 0.05087620124364047 0.05083655083655084
2 0.4197286602600339 0.7162162162162162 0.06274731486715658 0.10553410553410554
2 0.57263990955342 0.7680180180180181 0.06896551724137931 0.055984555984555984
2 0.4030525720746184 0.8861003861003861 0.07801017524024872 0.05791505791505792
2 0.33465234595816845 0.44144144144144143 0.04409270774448841 0.0694980694980695
2 0.13764838892029396 0.5276705276705277 0.06726964386659129 0.05019305019305019
2 0.5104578858111928 0.6016731016731016 0.0497456189937818 0.059202059202059204
2 0.6548897682306388 0.8082368082368082 0.0570944036178632 0.055341055341055344
2 0.17043527416619558 0.23391248391248393 0.05822498586772187 0.05341055341055341
2 0.013849632560768797 0.3075933075933076 0.026568682871678916 0.08365508365508366
2 0.17721876766534767 0.6621621621621622 0.05031091011871114 0.06435006435006435
2 0.7413793103448276 0.9253539253539254 0.053702656868287166 0.047619047619047616
2 0.4061616732617298 0.8294723294723295 0.03900508762012436 0.059202059202059204
2 0.2676653476540418 0.527992277992278 0.05031091011871114 0.04568854568854569
2 0.03843979649519502 0.6303088803088803 0.05652911249293386 0.05083655083655084
2 0.035330695308083665 0.3712998712998713 0.03674392312040701 0.05019305019305019
2 0.4234030525720746 0.5984555984555985 0.05765969474279254 0.02702702702702703
2 0.6452798191068401 0.9157014157014157 0.04352741661955907 0.05662805662805663
2 0.022894290559638215 0.39575289575289574 0.04013566986998304 0.04504504504504504
2 0.4895421141888072 0.7091377091377091 0.059920859242509894 0.059202059202059204