2 0.2482315112540193 0.7267825044937088 0.0797427652733119 0.07669263031755542
2 0.8594855305466238 0.3615937687237867 0.06881028938906752 0.08687837028160575
2 0.7196141479099678 0.24955062911923306 0.05144694533762058 0.0677052127022169
2 0.9607717041800643 0.40023966446974235 0.05659163987138264 0.041941282204913125
2 0.29710610932475884 0.4886159376872379 0.05144694533762058 0.05572198921509886
2 0.8932475884244373 0.5194727381665668 0.08231511254019293 0.046734571599760334
2 0.9254019292604502 0.2067106051527861 0.05659163987138264 0.06470940683043738
2 0.787459807073955 0.23547034152186938 0.05466237942122187 0.04913121629718394
2 0.14019292604501607 0.8442180946674656 0.052733118971061095 0.04793289394847214
2 0.3218649517684887 0.6066506890353505 0.07652733118971061 0.0665068903535051
2 0.1369774919614148 0.9236069502696225 0.04244372990353698 0.04373876572798083
2 0.6755627009646302 0.6941282204913122 0.06109324758842444 0.059316956261234274
2 0.23536977491961414 0.5985620131815458 0.0797427652733119 0.039544637507489516
2 0.2720257234726688 0.5557219892150989 0.06430868167202572 0.046135410425404436
2 0.839871382636656 0.21899340922708208 0.06559485530546624 0.04973037747153984
2 0.8832797427652733 0.21360095865787898 0.05594855305466238 0.05212702216896345