2 0.6978557504873294 0.7277874564459931 0.07667316439246263 0.09668989547038327
2 0.10493827160493827 0.9342334494773519 0.07862248213125406 0.10365853658536585
2 0.4623131903833658 0.3806620209059233 0.09551656920077972 0.08536585365853659
2 0.5610786224821313 0.27526132404181186 0.07732293697205977 0.09930313588850175
2 0.5214424951267057 0.6297909407665505 0.0825211176088369 0.10104529616724739
2 0.6487979207277453 0.4838850174216028 0.06172839506172839 0.09494773519163763
2 0.6192332683560754 0.41594076655052264 0.06627680311890838 0.10714285714285714
2 0.6390513320337882 0.06445993031358885 0.0682261208576998 0.09930313588850175
2 0.3999350227420403 0.6223867595818815 0.05263157894736842 0.09320557491289198
2 0.43762183235867447 0.5714285714285714 0.05523066926575698 0.07317073170731707
2 0.5081221572449642 0.5361498257839721 0.09226770630279402 0.09668989547038327
1 0.6900584795321637 0.7168989547038328 0.023391812865497075 0.036585365853658534
0 0.51137102014295 0.6363240418118467 0.024691358024691357 0.042682926829268296
1 0.403183885640026 0.615418118466899 0.024041585445094216 0.03571428571428571
1 0.45938921377517866 0.39764808362369336 0.02729044834307992 0.03571428571428571
1 0.6195581546458739 0.41506968641114983 0.02794022092267706 0.03571428571428571
0 0.6302794022092267 0.4799651567944251 0.036387264457439894 0.050522648083623695
1 0.5614035087719298 0.27134146341463417 0.024691358024691357 0.037456445993031356
0 0.6159844054580896 0.0509581881533101 0.031189083820662766 0.03397212543554007