2 0.19076305220883535 0.6813829787234043 0.1144578313253012 0.11808510638297873
2 0.3529116465863454 0.6893617021276596 0.10943775100401607 0.12978723404255318
2 0.34036144578313254 0.5042553191489362 0.09036144578313253 0.09574468085106383
2 0.4959839357429719 0.5824468085106383 0.10040160642570281 0.12234042553191489
2 0.9518072289156626 0.7845744680851063 0.09437751004016064 0.1074468085106383
2 0.6721887550200804 0.41117021276595744 0.10742971887550201 0.09893617021276596
2 0.07028112449799197 0.2648936170212766 0.1144578313253012 0.13617021276595745
1 0.19879518072289157 0.6829787234042554 0.040160642570281124 0.05531914893617021
1 0.35240963855421686 0.6936170212765957 0.04819277108433735 0.05319148936170213
1 0.49096385542168675 0.5648936170212766 0.04417670682730924 0.04680851063829787
1 0.9523092369477911 0.7664893617021277 0.04116465863453815 0.05425531914893617
1 0.3453815261044177 0.4920212765957447 0.040160642570281124 0.05638297872340425
0 0.6877510040160643 0.4117021276595745 0.050200803212851405 0.04468085106382979
1 0.051706827309236945 0.26063829787234044 0.04718875502008032 0.04893617021276596
1 0.24548192771084337 0.054787234042553194 0.04718875502008032 0.043617021276595745
2 0.3729919678714859 0.42606382978723406 0.13353413654618473 0.0797872340425532
0 0.3820281124497992 0.4420212765957447 0.045180722891566265 0.06702127659574468