2 0.6073588709677419 0.3059475806451613 0.09375 0.09173387096774194
2 0.6134072580645161 0.38860887096774194 0.13608870967741934 0.07560483870967742
2 0.47731854838709675 0.9284274193548387 0.10786290322580645 0.0846774193548387
2 0.3634072580645161 0.6507056451612904 0.08568548387096774 0.0715725806451613
2 0.8210685483870968 0.06300403225806452 0.10584677419354839 0.09778225806451613
2 0.7263104838709677 0.09173387096774194 0.09979838709677419 0.08064516129032258
1 0.4722782258064516 0.9264112903225806 0.037298387096774195 0.036290322580645164
1 0.3709677419354839 0.6648185483870968 0.04032258064516129 0.04334677419354839
1 0.59375 0.30544354838709675 0.04032258064516129 0.038306451612903226
0 0.6995967741935484 0.08215725806451613 0.04435483870967742 0.037298387096774195
1 0.8190524193548387 0.057459677419354836 0.04133064516129032 0.038306451612903226
1 0.6118951612903226 0.40473790322580644 0.04032258064516129 0.03931451612903226