2 0.6435185185185185 0.6024678111587983 0.0874485596707819 0.06330472103004292
2 0.41975308641975306 0.4533261802575107 0.08024691358024691 0.08261802575107297
2 0.41460905349794236 0.7639484978540773 0.09876543209876543 0.11158798283261803
2 0.2911522633744856 0.6378755364806867 0.102880658436214 0.07188841201716738
1 0.522119341563786 0.7805793991416309 0.0257201646090535 0.03540772532188841
1 0.6368312757201646 0.6142703862660944 0.030864197530864196 0.03755364806866953
1 0.28497942386831276 0.6448497854077253 0.030864197530864196 0.04291845493562232
0 0.419238683127572 0.45761802575107297 0.044238683127572016 0.04184549356223176
2 0.5169753086419753 0.7698497854077253 0.0668724279835391 0.06545064377682404
2 0.6219135802469136 0.2821888412017167 0.04835390946502058 0.09656652360515021
2 0.6563786008230452 0.2934549356223176 0.0823045267489712 0.0740343347639485
0 0.6327160493827161 0.2800429184549356 0.03497942386831276 0.032188841201716736
2 0.49948559670781895 0.5236051502145923 0.06275720164609054 0.060085836909871244
1 0.5210905349794238 0.5080472103004292 0.027777777777777776 0.03755364806866953