2 0.053703703703703705 0.4726247987117552 0.09074074074074075 0.13365539452495975
2 0.18287037037037038 0.48148148148148145 0.09537037037037037 0.14814814814814814
2 0.49907407407407406 0.12640901771336555 0.08888888888888889 0.1529790660225443
2 0.6541666666666667 0.08856682769726248 0.10462962962962963 0.12560386473429952
2 0.4199074074074074 0.4106280193236715 0.10277777777777777 0.12238325281803543
2 0.23796296296296296 0.19162640901771336 0.11851851851851852 0.11594202898550725
2 0.2875 0.6553945249597424 0.08981481481481482 0.15780998389694043
2 0.38333333333333336 0.7657004830917874 0.10555555555555556 0.143317230273752
2 0.950462962962963 0.5966183574879227 0.07314814814814814 0.178743961352657
2 0.9592592592592593 0.6964573268921095 0.07962962962962963 0.10466988727858294
2 0.7486111111111111 0.7689210950080515 0.062037037037037036 0.12077294685990338
2 0.7 0.7987117552334944 0.07037037037037037 0.1288244766505636
2 0.6606481481481481 0.7697262479871175 0.0712962962962963 0.20933977455716588
2 0.5407407407407407 0.4524959742351047 0.07222222222222222 0.14814814814814814
2 0.6046296296296296 0.38808373590982287 0.06111111111111111 0.10950080515297907
2 0.7189814814814814 0.2673107890499195 0.06944444444444445 0.1320450885668277
1 0.052314814814814814 0.464573268921095 0.028703703703703703 0.06280193236714976
1 0.17962962962962964 0.46618357487922707 0.02962962962962963 0.040257648953301126
1 0.2337962962962963 0.17310789049919484 0.028703703703703703 0.06924315619967794
1 0.48657407407407405 0.13123993558776167 0.026851851851851852 0.05636070853462158
0 0.4199074074074074 0.4323671497584541 0.030555555555555555 0.07568438003220612
1 0.2722222222222222 0.6755233494363929 0.02962962962962963 0.05636070853462158
1 0.36203703703703705 0.7922705314009661 0.027777777777777776 0.057971014492753624
1 0.9388888888888889 0.5933977455716586 0.02962962962962963 0.06602254428341385