2 0.4357394366197183 0.43434747798238593 0.12323943661971831 0.0744595676541233
2 0.23107394366197184 0.3811048839071257 0.08538732394366197 0.07526020816653323
2 0.5783450704225352 0.5476381104883907 0.09330985915492958 0.07526020816653323
2 0.7477992957746479 0.6529223378702962 0.07306338028169014 0.05684547638110488
2 0.565580985915493 0.855884707766213 0.0801056338028169 0.0688550840672538
2 0.18882042253521128 0.2566052842273819 0.0625 0.0632506004803843
2 0.14788732394366197 0.49479583666933546 0.045774647887323945 0.04483586869495596
2 0.4242957746478873 0.6473178542834267 0.09154929577464789 0.05684547638110488
2 0.43794014084507044 0.6897518014411529 0.0625 0.0344275420336269
1 0.5757042253521126 0.5504403522818254 0.02640845070422535 0.03122497998398719
0 0.4480633802816901 0.4487590072057646 0.03697183098591549 0.03923138510808647
1 0.2266725352112676 0.38150520416333067 0.027288732394366196 0.029623698959167333
0 0.1544894366197183 0.5084067253803043 0.025528169014084508 0.02722177742193755
1 0.43309859154929575 0.655324259407526 0.02464788732394366 0.024819855884707767
1 0.7676056338028169 0.6661329063250601 0.02640845070422535 0.03362690152121697
1 0.176056338028169 0.2566052842273819 0.028169014084507043 0.020016012810248198